-1.86300709516177e-07,8.335
-4.13386683809818e-06,8.3375
-4.3634878646494e-05,8.34
-0.000291092217903283,8.3425
-0.00137515798619996,8.345
-0.0048858624595194,8.3475
-0.0135417310535085,8.35
-0.0300211471591548,8.3525
-0.0543645536103764,8.355
-0.082377314735025,8.3575
-0.108106264023005,8.36
-0.128359310971584,8.3625
-0.14145339566004,8.365
-0.138304328194897,8.3675
-0.0998301934122963,8.37
-0.0148028864600635,8.3725
0.0965807970582654,8.375
0.189256387626159,8.3775
0.234372176842892,8.38
0.246161149796455,8.3825
0.25519323538169,8.385
0.26361035259682,8.3875
0.248806661421494,8.39
0.209809219820086,8.3925
0.180668602070371,8.395
0.183722082843544,8.3975
0.193046202038091,8.4
0.167641613673849,8.4025
0.106872351964797,8.405
0.047155662984123,8.4075
0.0110724780051271,8.41
-0.012111407145693,8.4125
-0.0354646402312789,8.415
-0.0536264373303508,8.4175
-0.0632213393265171,8.42
-0.0791143399555347,8.4225
-0.112524982432161,8.425
-0.149470206568619,8.4275
-0.170243571236901,8.43
-0.179220335934306,8.4325
-0.195093742899092,8.435
-0.218191525657955,8.4375
-0.229479257157886,8.44
-0.221808738414538,8.4425
-0.210795356761901,8.445
-0.208491037217227,8.4475
-0.204909900966352,8.45
-0.187314117272701,8.4525
-0.163506330397669,8.455
-0.15037394355963,8.4575
-0.148139418422273,8.46
-0.143317682998127,8.4625
-0.133480847929352,8.465
-0.130797168275993,8.4675
-0.138886014762103,8.47
-0.143290187125425,8.4725
-0.132688212218804,8.475
-0.116228325654519,8.4775
-0.108599323629065,8.48
-0.10685046006881,8.4825
-0.0953817224184263,8.485
-0.0703265541324137,8.4875
-0.0455241885839562,8.49
-0.0321134602609514,8.4925
-0.022720113781119,8.495
-0.00230047237086072,8.4975
0.030685103689487,8.5
0.0614492188350012,8.5025
0.0769684644902929,8.505
0.080708009282032,8.5075
0.0854759442644968,8.51
0.0951797844651086,8.5125
0.100923984296756,8.515
0.0965025609882004,8.5175
0.0900335590242013,8.52
0.0940029452492274,8.5225
0.108720957902116,8.525
0.123778744448432,8.5275
0.133252358441515,8.53
0.140336068157255,8.5325
0.147557767202564,8.535
0.15229763281859,8.5375
0.153834107774797,8.54
0.155362357311254,8.5425
0.155647099388581,8.545
0.148217186866346,8.5475
0.134365312121553,8.55
0.12766736197258,8.5525
0.137034986282456,8.555
0.152528145951311,8.5575
0.158650130765211,8.56
0.15685141366897,8.5625
0.161986167655056,8.565
0.177329728488657,8.5675
0.18694820744766,8.57
0.177677112019554,8.5725
0.157692049737316,8.575
0.144928617676072,8.5775
0.143785851423427,8.58
0.142461715382104,8.5825
0.130232570120861,8.585
0.108730693381971,8.5875
0.0863085916737301,8.59
0.0680377579399029,8.5925
0.0528341231284504,8.595
0.0368167498990915,8.5975
0.0191057727781763,8.6
0.00594406187151232,8.6025
0.00581082890123141,8.605
0.0165439237099512,8.6075
0.0219561402450741,8.61
0.00877928055884753,8.6125
-0.0158528933865338,8.615
-0.0328165631716742,8.6175
-0.03536918646344,8.62
-0.0342332710423226,8.6225
-0.0373884988778284,8.625
-0.0374338991536968,8.6275
-0.0250233107578822,8.63
-0.00445402609148863,8.6325
0.0128009253098005,8.635
0.0230004904987438,8.6375
0.0301020614859822,8.64
0.0366229945946157,8.6425
0.0430269308181764,8.645
0.0510177079317299,8.6475
0.0582416320279688,8.65
0.0541919727375157,8.6525
0.0319277032552984,8.655
0.00132096340213281,8.6575
-0.0202277993003122,8.66
-0.0294101962907108,8.6625
-0.0383718235101964,8.665
-0.0539993448212435,8.6675
-0.0680977881737417,8.67
-0.0724097075091134,8.6725
-0.0719643103735214,8.675
-0.0753544979148302,8.6775
-0.0800198644865872,8.68
-0.0772762800958949,8.6825
-0.0673486648448393,8.685
-0.0595212708918367,8.6875
-0.059600577452145,8.69
-0.066111226844947,8.6925
-0.077268398391997,8.695
-0.0925394103781406,8.6975
-0.107636417556539,8.7
-0.116599659418658,8.7025
-0.119177193153891,8.705
-0.118808679431111,8.7075
-0.114785700648972,8.71
-0.105313921682677,8.7125
-0.0963874945062276,8.715
-0.0963206168426474,8.7175
-0.102010748862263,8.72
-0.103014233184894,8.7225
-0.099763344872667,8.725
-0.103828013957857,8.7275
-0.117527978235486,8.73
-0.128132385884698,8.7325
-0.127633053921455,8.735
-0.123601990072177,8.7375
-0.122556972172047,8.74
-0.117018757566091,8.7425
-0.100675953120538,8.745
-0.0841206032335831,8.7475
-0.0807799222032346,8.75
-0.0857898281605003,8.7525
-0.0849492597438645,8.755
-0.0792124837098487,8.7575
-0.0825611374476406,8.76
-0.096810547125356,8.7625
-0.106981313974531,8.765
-0.105527590541727,8.7675
-0.104042578651908,8.77
-0.112762075950298,8.7725
-0.123068967890155,8.775
-0.12174315983635,8.7775
-0.111162393424157,8.78
-0.102074499647533,8.7825
-0.0947676269595682,8.785
-0.082147814962033,8.7875
-0.0664942184551626,8.79
-0.0580485627225447,8.7925
-0.0583486073015518,8.795
-0.0585369522216451,8.7975
-0.0545578238113862,8.8
-0.0515623503983192,8.8025
-0.051933260270362,8.805
-0.051207071839979,8.8075
-0.0486932571889499,8.81
-0.0504028089632679,8.8125
-0.0573346079582504,8.815
-0.0620614832578279,8.8175
-0.0618133728109163,8.82
-0.0631074818761272,8.8225
-0.0666376993459387,8.825
-0.0603565316739324,8.8275
-0.0384207092084898,8.83
-0.0157443214907412,8.8325
-0.00913777475474459,8.835
-0.0119808678612938,8.8375
-0.00472091302490284,8.84
0.0133635286596811,8.8425
0.0215359608774146,8.845
0.0085009734700525,8.8475
-0.011057832970355,8.85
-0.0173073923963507,8.8525
-0.00948807274950799,8.855
-0.000551584348546102,8.8575
0.00324040187358498,8.86
0.00764496700478864,8.8625
0.019893718050465,8.865
0.0401890703541582,8.8675
0.0609156138269482,8.87
0.0698098265333199,8.8725
0.0589752347119542,8.875
0.0368349138088073,8.8775
0.0255057980283919,8.88
0.0371613660079637,8.8825
0.0570386103720202,8.885
0.0618471165982377,8.8875
0.0534463394613918,8.89
0.0580657546176993,8.8925
0.0866770358277097,8.895
0.113486300988482,8.8975
0.109413656845917,8.9
0.0854919129282898,8.9025
0.0802439780442757,8.905
0.105458391871179,8.9075
0.129195494999087,8.91
0.121571209734133,8.9125
0.0953998370905952,8.915
0.0834984984146542,8.9175
0.0912532465916975,8.92
0.0956319382956956,8.9225
0.0849320585998389,8.925
0.0746175468321201,8.9275
0.0811095036720813,8.93
0.100671924736874,8.9325
0.121259088451706,8.935
0.13834518303992,8.9375
0.149756904931932,8.94
0.149088019520314,8.9425
0.136343994900301,8.945
0.125298652492676,8.9475
0.127731500481594,8.95
0.136648903076227,8.9525
0.137288353354422,8.955
0.130641002395409,8.9575
0.132650535012901,8.96
0.149451704073069,8.9625
0.165721552085873,8.965
0.163491194110238,8.9675
0.144897726419431,8.97
0.128427093831867,8.9725
0.125618506034696,8.975
0.129427612419876,8.9775
0.126584092706602,8.98
0.114558921059575,8.9825
0.101910780197128,8.985
0.0961445566454827,8.9875
0.0971377799256137,8.99
0.100865092998297,8.9925
0.103861823579458,8.995
0.104278364194959,8.9975
0.103477620259077,9
0.106066173992173,9.0025
0.113015956800841,9.005
0.115800431712564,9.0075
0.10474794726568,9.01
0.0837383553821131,9.0125
0.0680974114940619,9.015
0.0651685006298938,9.0175
0.0657196812018303,9.02
0.0597185001415088,9.0225
0.0519484292864528,9.025
0.0531661352601933,9.0275
0.0616720424343055,9.03
0.0648403578490937,9.0325
0.057520030410023,9.035
0.0483130505170134,9.0375
0.0456828871108116,9.04
0.0468793246136769,9.0425
0.0450969651159113,9.045
0.0408262430548197,9.0475
0.0397380549697022,9.05
0.0427193712908169,9.0525
0.0444092854771131,9.055
0.0412872508735029,9.0575
0.0362756879817958,9.06
0.0339015975876513,9.0625
0.0343165332050218,9.065
0.034695499119077,9.0675
0.0344769695440268,9.07
0.0352750382291014,9.0725
0.0355856032723769,9.075
0.0302933360403358,9.0775
0.0181601684664008,9.08
0.00575626899733134,9.0825
-0.000543240174895616,9.085
-0.00299235190009532,9.0875
-0.00681733703985452,9.09
-0.00947086837150026,9.0925
-0.00476540857712494,9.095
0.00321305667127293,9.0975
0.00165834754270906,9.1
-0.0128802907021745,9.1025
-0.0293618258224682,9.105
-0.0400451123399658,9.1075
-0.0509989540461391,9.11
-0.0662551738404498,9.1125
-0.0742129300603264,9.115
-0.0643383189607359,9.1175
-0.0485619381897522,9.12
-0.0482531211264391,9.1225
-0.0639832454612187,9.125
-0.0772104284101705,9.1275
-0.0818691385746708,9.13
-0.093534010641348,9.1325
-0.120715529413835,9.135
-0.146092954749273,9.1375
-0.149171241184398,9.14
-0.134322788473833,9.1425
-0.121402281596833,9.145
-0.117061317954536,9.1475
-0.111106395720683,9.15
-0.0972121971750295,9.1525
-0.0816444148117004,9.155
-0.0706518193363515,9.1575
-0.0619953926474737,9.16
-0.0524642530181977,9.1625
-0.0445967263595281,9.165
-0.0421661492811842,9.1675
-0.0453940408997434,9.17
-0.0531509218971996,9.1725
-0.0645418692463082,9.175
-0.0767025756761754,9.1775
-0.085634700438269,9.18
-0.0897803867440537,9.1825
-0.0891534629157065,9.185
-0.0835997856381674,9.1875
-0.0779387004361265,9.19
-0.0844512964695091,9.1925
-0.109583325846356,9.195
-0.140260323279362,9.1975
-0.156617514652325,9.2
-0.158824778306135,9.2025
-0.165629607725523,9.205
-0.182119181446445,9.2075
-0.187703775058948,9.21
-0.168523722992817,9.2125
-0.145128519708292,9.215
-0.147542452908689,9.2175
-0.172340086119792,9.22
-0.188584286265395,9.2225
-0.184827522712366,9.225
-0.185522332298359,9.2275
-0.21447757501034,9.23
-0.26466057435507,9.2325
-0.318011316600281,9.235
-0.37776891358516,9.2375
-0.460984734687781,9.24
-0.565004216514564,9.2425
-0.657012156215356,9.245
-0.694021278399013,9.2475
-0.640620385495758,9.25
-0.470075828528347,9.2525
-0.164637974779797,9.255
0.275452190952875,9.2575
0.821869865202635,9.26
1.41143002148442,9.2625
1.94504036501586,9.265
2.30708921410661,9.2675
2.41057187778179,9.27
2.234129448281,9.2725
1.81183224402179,9.275
1.19512414645984,9.2775
0.445792225832308,9.28
-0.336262932383199,9.2825
-1.01905513997411,9.285
-1.50880482555317,9.2875
-1.80735274647581,9.29
-1.97496132882557,9.2925
-2.04362501871262,9.295
-1.99801701165028,9.2975
-1.84017722213221,9.3
-1.6283678732404,9.3025
-1.42361586118173,9.305
-1.2232606128484,9.3075
-0.983612944032009,9.31
-0.69980212811,9.3125
-0.426943281593682,9.315
-0.216525746175195,9.3175
-0.0629959403317409,9.32
0.0699729994554737,9.3225
0.193329922395838,9.325
0.287701073811421,9.3275
0.343754373092497,9.33
0.380376265150449,9.3325
0.419117681086243,9.335
0.459385906798478,9.3375
0.486863449609036,9.34
0.493981347697556,9.3425
0.483629479314561,9.345
0.46195668198249,9.3475
0.43665629965278,9.35
0.415909864419287,9.3525
0.400280164338987,9.355
0.380610864826654,9.3575
0.351900373114869,9.36
0.323493920071318,9.3625
0.305910246449711,9.365
0.293418410790132,9.3675
0.272527716298562,9.37
0.244186864684492,9.3725
0.222357736886646,9.375
0.210613934936072,9.3775
0.196449917951115,9.38
0.173185595271713,9.3825
0.152113176115184,9.385
0.144014695340785,9.3875
0.140441516634398,9.39
0.124763413389576,9.3925
0.0949370819888422,9.395
0.0643863717098146,9.3975
0.0435644968996904,9.4
0.0304407127289349,9.4025
0.0193240388124364,9.405
0.011308162755956,9.4075
0.0122650968969694,9.41
0.0228606494360851,9.4125
0.0331648269015367,9.415
0.0283833259628323,9.4175
0.00165533444247891,9.42
-0.0375254014959937,9.4225
-0.0688847678622189,9.425
-0.0781928605363802,9.4275
-0.0696190470097594,9.43
-0.0594522641395503,9.4325
-0.0564643802664565,9.435
-0.0525105695030224,9.4375
-0.0375914735620217,9.44
-0.0202667169901077,9.4425
-0.0213970550342357,9.445
-0.0443487455507723,9.4475
-0.0637327416119681,9.45
-0.054281972730364,9.4525
-0.0232085517148462,9.455
-0.000639335709432698,9.4575
-0.00137273584697301,9.46
-0.0105556091165432,9.4625
-0.00854758244007636,9.465
0.00383300213307322,9.4675
0.0114849025401562,9.47
0.00758779032390683,9.4725
0.0019158263823623,9.475
0.00922510452136575,9.4775
0.0330726477696548,9.48
0.0595628499135767,9.4825
0.0676265354262858,9.485
0.0504052882470319,9.4875
0.0259132671368163,9.49
0.0189867584913126,9.4925
0.0316679678715415,9.495
0.0413405107716096,9.4975
0.0328551323895792,9.5
0.0214466740083301,9.5025
0.0322219840475312,9.505
0.0631599971840772,9.5075
0.0842698966602612,9.51
0.0757271392499396,9.5125
0.0528092127355131,9.515
0.0441735648662107,9.5175
0.0548604016546176,9.52
0.0639880273583698,9.5225
0.0562505210726013,9.525
0.0414079478967675,9.5275
0.0381079843744681,9.53
0.0493753087650309,9.5325
0.0628674174344434,9.535
0.0689038197088928,9.5375
0.0679435500474281,9.54
0.0630218277150004,9.5425
0.0556585270055171,9.545
0.0496716055686951,9.5475
0.0483079399349475,9.55
0.0449154966861463,9.5525
0.0280073971877057,9.555
0.00177457328571054,9.5575
-0.0102763078223142,9.56
0.00640343423499668,9.5625
0.0344721186586326,9.565
0.0455065870926265,9.5675
0.0391399992778332,9.57
0.0427355644356066,9.5725
0.069890494968183,9.575
0.0989551462137463,9.5775
0.104456348353538,9.58
0.0953975547956268,9.5825
0.103851865890334,9.585
0.140539552874944,9.5875
0.181206103099878,9.59
0.200571218629462,9.5925
0.202594085598399,9.595
0.206718403761071,9.5975
0.217145377608363,9.6
0.221936064792903,9.6025
0.216767896537412,9.605
0.211403088767395,9.6075
0.210849027931348,9.61
0.206366645783644,9.6125
0.191865315278404,9.615
0.175582566492993,9.6175
0.165319405161883,9.62
0.153186422018256,9.6225
0.12865006033067,9.625
0.0994625157437904,9.6275
0.0835802280460948,9.63
0.0824919383836379,9.6325
0.0788353587898065,9.635
0.0631285934880192,9.6375
0.0480498996217256,9.64
0.049222052123,9.6425
0.0633012334783675,9.645
0.0746429247196683,9.6475
0.0762695800759428,9.65
0.0741105557159228,9.6525
0.0742970157060013,9.655
0.0757486844409529,9.6575
0.0744948442493283,9.66
0.067823327840019,9.6625
0.0541016371605616,9.665
0.0350278617726783,9.6675
0.0186129871252936,9.67
0.013445285974179,9.6725
0.0182416445939331,9.675
0.0232163857594699,9.6775
0.024429586330569,9.68
0.029784148086308,9.6825
0.0450320010105578,9.685
0.0598918827291154,9.6875
0.0577678237680932,9.69
0.0375046796485083,9.6925
0.0150379518498383,9.695
0.00161749149150461,9.6975
-0.00909499188013763,9.7
-0.0264949395946673,9.7025
-0.0448242097890579,9.705
-0.0497431460476217,9.7075
-0.0391256719100546,9.71
-0.0265621101905752,9.7125
-0.0234091756618724,9.715
-0.0263184959920227,9.7175
-0.0268311450494666,9.72
-0.0270341306191973,9.7225
-0.0376806227032819,9.725
-0.0608108385310762,9.7275
-0.0820114158682699,9.73
-0.0862560087073624,9.7325
-0.0777891259339621,9.735
-0.0745014890247139,9.7375
-0.081569613099694,9.74
-0.0831672525261983,9.7425
-0.0683894337704956,9.745
-0.053337773851511,9.7475
-0.0609808551030391,9.75
-0.0850211613213474,9.7525
-0.095123238003674,9.755
-0.0807905357357978,9.7575
-0.068336086257623,9.76
-0.0829161465873151,9.7625
-0.111951591579132,9.765
-0.124630264049754,9.7675
-0.116017977617705,9.77
-0.10920275346356,9.7725
-0.116792778442685,9.775
-0.123185102713075,9.7775
-0.111011118658795,9.78
-0.0874914296770159,9.7825
-0.0736945472980484,9.785
-0.0784864328031639,9.7875
-0.0940125545000864,9.79
-0.110201381588896,9.7925
-0.123048796375865,9.795
-0.131523598887324,9.7975
-0.13555522834215,9.8
-0.137377187644779,9.8025
-0.139132270725111,9.805
-0.139085536572999,9.8075
-0.134363959852185,9.81
-0.126692354138641,9.8125
-0.120978294433698,9.815
-0.11825655038574,9.8175
-0.114151146363118,9.82
-0.10520044551017,9.8225
-0.0934979092589712,9.825
-0.0836083924973091,9.8275
-0.0769144472460574,9.83
-0.0707273504161571,9.8325
-0.0625728723462484,9.835
-0.0543280567524801,9.8375
-0.0511399124916722,9.84
-0.0555845388113249,9.8425
-0.0642211455421348,9.845
-0.072430294375886,9.8475
-0.0815832607722788,9.85
-0.0962273656465411,9.8525
-0.112709848091485,9.855
-0.1174262172352,9.8575
-0.102530228373301,9.86
-0.0785004202165875,9.8625
-0.0617605381972964,9.865
-0.0519381115230107,9.8675
-0.0338173213201345,9.87
-0.00446046656800526,9.8725
0.0159761553156225,9.875
0.010295994729955,9.8775
-0.0108374740288898,9.88
-0.0253334251903764,9.8825
-0.0327239197071671,9.885
-0.0505210829287838,9.8875
-0.0800112422665451,9.89
-0.0993820907949013,9.8925
-0.0967107891688077,9.895
-0.0870460859442049,9.8975
-0.0846980906078176,9.9
-0.0796840987108941,9.9025
-0.0601002556948816,9.905
-0.0403190850734421,9.9075
-0.0422146714436622,9.91
-0.0585541895162297,9.9125
-0.0620772407271386,9.915
-0.047880980527907,9.9175
-0.0392519005076451,9.92
-0.0471009163637624,9.9225
-0.0502779792889257,9.925
-0.0300507520349161,9.9275
-0.00412738404778163,9.93
-0.00582712373953557,9.9325
-0.0385171261409984,9.935
-0.0712762092126811,9.9375
-0.0795883914814924,9.94
-0.0724394888484522,9.9425
-0.0716563632387668,9.945
-0.0776826677865291,9.9475
-0.0709469254655595,9.95
-0.0442560252418538,9.9525
-0.0174647337725633,9.955
-0.0122054912476661,9.9575
-0.0231829817150435,9.96
-0.0280075772967826,9.9625
-0.0201336536454221,9.965
-0.0150003336633735,9.9675
-0.022063697132154,9.97
-0.0289563990331356,9.9725
-0.0228167303499774,9.975
-0.0124242926572324,9.9775
-0.0139910080150994,9.98
-0.0240263197218323,9.9825
-0.024240323439674,9.985
-0.0114400572554503,9.9875
-0.00530257027107632,9.99
-0.0212302399681201,9.9925
-0.0475486621148948,9.995
-0.0584901661604427,9.9975
-0.0445772706125105,10
-0.0220391331615869,10.0025
-0.0121385565241996,10.005
-0.0165789529738902,10.0075
-0.0175363548944251,10.01
-0.00208626355083179,10.0125
0.0185440829125492,10.015
0.0210371489014992,10.0175
0.00102891942470266,10.02
-0.0177320117756255,10.0225
-0.0119280811001972,10.025
0.0109348861890097,10.0275
0.0216834827069476,10.03
0.00659138462498403,10.0325
-0.0167956653350601,10.035
-0.0237965927347299,10.0375
-0.0123796025270689,10.04
-0.00181311156102024,10.0425
-0.00708746893889677,10.045
-0.0227311371882156,10.0475
-0.0317111815222488,10.05
-0.0248405477470208,10.0525
-0.00889881912231582,10.055
0.00278637913784578,10.0575
0.00532146325539122,10.06
0.00599712410479259,10.0625
0.0129856500892653,10.065
0.023473815735618,10.0675
0.0267264173236499,10.07
0.0176146823210549,10.0725
0.00233538248821935,10.075
-0.00934745644522928,10.0775
-0.0123142105685061,10.08
-0.00589380795352679,10.0825
0.00779422959881123,10.085
0.022448504129565,10.0875
0.0314678950361369,10.09
0.0376689598193954,10.0925
0.0514382859907316,10.095
0.0723858642767129,10.0975
0.0818090541105618,10.1
0.0655454818794572,10.1025
0.0376787942134568,10.105
0.0251848125523824,10.1075
0.0315821206252254,10.11
0.0347453260404844,10.1125
0.0226299890716766,10.115
0.00971712545754516,10.1175
0.00898451519032918,10.12
0.00786774974756076,10.1225
-0.0115297702727775,10.125
-0.0425307207961833,10.1275
-0.062793150609399,10.13
-0.0641032146776553,10.1325
-0.0550564400293791,10.135
-0.0408556010005627,10.1375
-0.0210355133416777,10.14
-0.00595252873544045,10.1425
-0.0155460712941072,10.145
-0.0575371581661883,10.1475
-0.122212017431126,10.15
-0.202487237821865,10.1525
-0.302488581140216,10.155
-0.417644747416155,10.1575
-0.519362086809687,10.16
-0.570146484275441,10.1625
-0.544924265693512,10.165
-0.427765748882739,10.1675
-0.197611410852455,10.17
0.165167688663345,10.1725
0.653550529790333,10.175
1.21884300274955,10.1775
1.77770828962974,10.18
2.23012876214605,10.1825
2.48110270242205,10.185
2.46640003799533,10.1875
2.17210248498522,10.19
1.63336865346868,10.1925
0.918721942903729,10.195
0.12037704067905,10.1975
-0.650292404723432,10.2
-1.28597426450445,10.2025
-1.72613160830803,10.205
-1.97820359753143,10.2075
-2.08760989940713,10.21
-2.0891462602211,10.2125
-1.99604360521233,10.215
-1.8269437051876,10.2175
-1.61726175747956,10.22
-1.3926528901503,10.2225
-1.14803856076187,10.225
-0.869568024263972,10.2275
-0.568813900782583,10.23
-0.27878510805821,10.2325
-0.0209159506598577,10.235
0.205632077926991,10.2375
0.401098211468719,10.24
0.551190571756254,10.2425
0.646404248904335,10.245
0.702031663717188,10.2475
0.743398163663009,10.25
0.775826718376817,10.2525
0.784689397682323,10.255
0.766379444621058,10.2575
0.742902860413973,10.26
0.735148896135109,10.2625
0.732626439450241,10.265
0.706930844087805,10.2675
0.653214099502637,10.27
0.599421974698357,10.2725
0.567883467215875,10.275
0.545499861064505,10.2775
0.507077766353851,10.28
0.455254435626491,10.2825
0.415325103111546,10.285
0.394785641736793,10.2875
0.372034585002133,10.29
0.329929962605443,10.2925
0.279065852622064,10.295
0.236733737418611,10.2975
0.200539818537891,10.3
0.159078585149255,10.3025
0.116394567862863,10.305
0.0860980239116824,10.3075
0.0665714716575539,10.31
0.0421469352422765,10.3125
0.00953673506351857,10.315
-0.0162699276161455,10.3175
-0.0285632803063777,10.32
-0.0432176304418328,10.3225
-0.0735867851032899,10.325
-0.104883946776035,10.3275
-0.112231673015,10.33
-0.0978831119788159,10.3325
-0.089586199873421,10.335
-0.10064888008932,10.3375
-0.112475129741845,10.34
-0.106016909757298,10.3425
-0.0927107106357983,10.345
-0.0974210864233079,10.3475
-0.121276312580426,10.35
-0.141327077269022,10.3525
-0.144118175706581,10.355
-0.139977487345808,10.3575
-0.140581581044139,10.36
-0.140222373750058,10.3625
-0.129232510408888,10.365
-0.113306647559449,10.3675
-0.106065669157669,10.37
-0.108807995157422,10.3725
-0.11116655775907,10.375
-0.109988210014224,10.3775
-0.113874628618905,10.38
-0.12549817968912,10.3825
-0.131642327297817,10.385
-0.120222302393243,10.3875
-0.0996039023639077,10.39
-0.0878477024892977,10.3925
-0.0848288576650768,10.395
-0.0708783274196075,10.3975
-0.0382920267258289,10.4
-0.00792286353387534,10.4025
-0.000716159599051934,10.405
-0.00564081066675826,10.4075
0.00278373244898538,10.41
0.0217031666298357,10.4125
0.0220078828970674,10.415
-0.00379522863456203,10.4175
-0.0251433097818477,10.42
-0.0190209761847179,10.4225
-0.00562827536349389,10.425
-0.0144665185799533,10.4275
-0.0344737339206461,10.43
-0.0299218179522211,10.4325
0.00280958398955246,10.435
0.0290566631255831,10.4375
0.0287388782507714,10.44
0.0218557849459275,10.4425
0.0283487864901079,10.445
0.032217831079727,10.4475
0.00962492280113868,10.45
-0.0270940803986124,10.4525
-0.0438410807557958,10.455
-0.0356184576536076,10.4575
-0.0322035247118681,10.46
-0.0499264875041028,10.4625
-0.0666811591840053,10.465
-0.0587934109725932,10.4675
-0.0397606714433954,10.47
-0.0394515437477669,10.4725
-0.0572769617622018,10.475
-0.0625808891881294,10.4775
-0.040647730131369,10.48
-0.0136732968163332,10.4825
-0.00745605220562553,10.485
-0.0162704867838705,10.4875
-0.01538514730948,10.49
0.00341641227413467,10.4925
0.0259407330708903,10.495
0.0402946860937221,10.4975
0.0504252564070066,10.5
0.0632053313295994,10.5025
0.0762683764780942,10.505
0.0853094214484595,10.5075
0.0937290764596698,10.51
0.106186151205694,10.5125
0.117832203255095,10.515
0.119203118647323,10.5175
0.110549927760536,10.52
0.102903225528123,10.5225
0.103004289120304,10.525
0.104587088637288,10.5275
0.100105262760619,10.53
0.0958690163011417,10.5325
0.105870906699173,10.535
0.130063900041508,10.5375
0.149013079412179,10.54
0.146639745083851,10.5425
0.130987373698748,10.545
0.122530460370178,10.5475
0.126146616643163,10.55
0.127652999231357,10.5525
0.118406549728848,10.555
0.108458960519832,10.5575
0.108513377177969,10.56
0.111777697266636,10.5625
0.105347373904465,10.565
0.0902483927848026,10.5675
0.0760631732223772,10.57
0.0620858845750149,10.5725
0.0402728963883845,10.575
0.0140370364371927,10.5775
-0.00374865606119614,10.58
-0.0121801926099364,10.5825
-0.0232821693683062,10.585
-0.0377758443042372,10.5875
-0.0398840874852845,10.59
-0.0254808890150003,10.5925
-0.0158527383190076,10.595
-0.0278055819156412,10.5975
-0.0460299553652375,10.6
-0.0460373601573939,10.6025
-0.0340016328948555,10.605
-0.0383389317997796,10.6075
-0.063556413305441,10.61
-0.0794547086816123,10.6125
-0.0655488057386634,10.615
-0.0435334710927712,10.6175
-0.0464557970379402,10.62
-0.069221258668212,10.6225
-0.0749968377959422,10.625
-0.0496536506011008,10.6275
-0.0243655041274673,10.63
-0.0324761663748382,10.6325
-0.0629269614992744,10.635
-0.0769294957442636,10.6375
-0.0622088589910578,10.64
-0.0470497304709912,10.6425
-0.0576089138888122,10.645
-0.0821177719647843,10.6475
-0.0905730847933135,10.65
-0.0783237006977997,10.6525
-0.0725737712121019,10.655
-0.0952621438844779,10.6575
-0.133414375455741,10.66
-0.155381530163952,10.6625
-0.150540681899485,10.665
-0.139813724727119,10.6675
-0.143146829519339,10.67
-0.14933069422158,10.6725
-0.132740485354695,10.675
-0.09517935463273,10.6775
-0.0704265012870099,10.68
-0.0801142800022166,10.6825
-0.103751409108956,10.685
-0.109061250859467,10.6875
-0.0992288310945782,10.69
-0.106308320366736,10.6925
-0.140634964425039,10.695
-0.172899883063813,10.6975
-0.175531264715831,10.7
-0.160583655500162,10.7025
-0.15918940384941,10.705
-0.176466892743599,10.7075
-0.188031287164447,10.71
-0.177709223968573,10.7125
-0.158684479177008,10.715
-0.152476943271852,10.7175
-0.161014041704902,10.72
-0.167842722739491,10.7225
-0.159975133580246,10.725
-0.141420474450123,10.7275
-0.12700053965919,10.73
-0.125704501497082,10.7325
-0.130144557746152,10.735
-0.124906702889261,10.7375
-0.107502992046524,10.74
-0.0946634260799263,10.7425
-0.100177163624001,10.745
-0.112742678904599,10.7475
-0.109075698493236,10.75
-0.0866689320826155,10.7525
-0.0673078951344316,10.755
-0.0652671507450648,10.7575
-0.0688032805616609,10.76
-0.0613463236205282,10.7625
-0.0461101429059433,10.765
-0.0371056386911327,10.7675
-0.0367713784242313,10.77
-0.0371451365743033,10.7725
-0.0361408741807434,10.775
-0.0376609037193336,10.7775
-0.0396054827916005,10.78
-0.0367994018862806,10.7825
-0.034451831991542,10.785
-0.0436986653389167,10.7875
-0.0621060351632354,10.79
-0.0727270450666793,10.7925
-0.0669212767059725,10.795
-0.0555375135330825,10.7975
-0.0509579679001483,10.8
-0.0490320866655552,10.8025
-0.0377450827855352,10.805
-0.0161603935799416,10.8075
0.00480174704841828,10.81
0.0167011521962063,10.8125
0.0213657312949267,10.815
0.026159981775334,10.8175
0.0356864385656728,10.82
0.0464150531431584,10.8225
0.0485018751275666,10.825
0.0369700211417625,10.8275
0.0207145611053282,10.83
0.0132907789042573,10.8325
0.0145741750623363,10.835
0.0114640895079688,10.8375
-0.000778693424004882,10.84
-0.00977228708400774,10.8425
-0.00530199541982907,10.845
0.00330435284877385,10.8475
-0.000109609354472809,10.85
-0.0145725107846092,10.8525
-0.0223058004469582,10.855
-0.0116522862308906,10.8575
0.00977097420722607,10.86
0.0266089216981107,10.8625
0.033941812874128,10.865
0.0397029858350214,10.8675
0.0507621541812741,10.87
0.0612600834402876,10.8725
0.0591790427941774,10.875
0.0442135184025562,10.8775
0.0320033714315906,10.88
0.0353739942125433,10.8825
0.0475612244480017,10.885
0.053063720050063,10.8875
0.0504824837768585,10.89
0.0515620402820591,10.8925
0.0582693123617021,10.895
0.0564434842649352,10.8975
0.037995782099826,10.9
0.0157162260975227,10.9025
0.00572213896976469,10.905
0.00547977506787148,10.9075
0.00221322303669531,10.91
-0.00411668710936773,10.9125
-0.00254658490970619,10.915
0.00601057742336614,10.9175
0.00546853453964238,10.92
-0.0103143915210037,10.9225
-0.024402932100692,10.925
-0.0195276117324343,10.9275
-0.00221235596940235,10.93
0.0105989068085895,10.9325
0.0207827306324876,10.935
0.0446951771518911,10.9375
0.0800409544031844,10.94
0.0995264678455286,10.9425
0.0876906119982234,10.945
0.0661397534404142,10.9475
0.0652973456069741,10.95
0.0826451991289789,10.9525
0.0897020968676475,10.955
0.075701782493094,10.9575
0.0611413283988212,10.96
0.0633131300264931,10.9625
0.0692335017058482,10.965
0.0564255374791808,10.9675
0.0278649922781034,10.97
0.00908209085974684,10.9725
0.013960728680065,10.975
0.0288316529544445,10.9775
0.0338562631139451,10.98
0.0284198872279304,10.9825
0.0266730196326958,10.985
0.0339493816571637,10.9875
0.0392909504946927,10.99
0.0329314000674713,10.9925
0.0210145057737385,10.995
0.01547092860182,10.9975
0.0150569406335607,11
0.00638517430535944,11.0025
-0.0178481916713119,11.005
-0.0526176190163147,11.0075
-0.0953637787575455,11.01
-0.156779107144765,11.0125
-0.248139374849733,11.015
-0.361231778516763,11.0175
-0.467788807555841,11.02
-0.537590486267047,11.0225
-0.550283667932053,11.025
-0.487835942137991,11.0275
-0.323416783026526,11.03
-0.0293664012822157,11.0325
0.397277180343764,11.035
0.917655762964797,11.0375
1.46007326364545,11.04
1.94198813511694,11.0425
2.28264908672807,11.045
2.40879686585969,11.0475
2.27148254470211,11.05
1.86980495300765,11.0525
1.2561231315425,11.055
0.517258814878038,11.0575
-0.246024675488904,11.06
-0.931800608217302,11.0625
-1.45811032675546,11.065
-1.79259593498636,11.0675
-1.95835899534888,11.07
-2.00057638664109,11.0725
-1.94900830379003,11.075
-1.81626075679938,11.0775
-1.62019878539142,11.08
-1.38971405653373,11.0825
-1.14627425780069,11.085
-0.892218692042513,11.0875
-0.623873532494346,11.09
-0.350686783923549,11.0925
-0.0964397052082317,11.095
0.116084210436012,11.0975
0.279496203921928,11.1
0.403305565246056,11.1025
0.502100797021897,11.105
0.580523683626934,11.1075
0.631345026680529,11.11
0.650838745196253,11.1125
0.650978287488823,11.115
0.648323842283295,11.1175
0.64403681142835,11.12
0.62652107260981,11.1225
0.594000955456534,11.125
0.560478229184583,11.1275
0.534059002091979,11.13
0.503509760015565,11.1325
0.457786999535313,11.135
0.408337524641276,11.1375
0.375853023568373,11.14
0.359313341861326,11.1425
0.336077473897753,11.145
0.29508501832723,11.1475
0.253042035029536,11.15
0.22870740478412,11.1525
0.214511167557374,11.155
0.18840255156867,11.1575
0.147216784237345,11.16
0.111027837858232,11.1625
0.0929489828710387,11.165
0.0804052086378819,11.1675
0.0550350804136037,11.17
0.0204541348509988,11.1725
-0.00263593879861395,11.175
-0.00514140511226493,11.1775
-0.00062673482032561,11.18
-0.00608970377797465,11.1825
-0.0221234515061,11.185
-0.0376239247581039,11.1875
-0.047398037077061,11.19
-0.0574525453493106,11.1925
-0.0742935665940618,11.195
-0.0947376147820526,11.1975
-0.108122333117698,11.2
-0.107222142687036,11.2025
-0.0967478650288642,11.205
-0.0910472375945275,11.2075
-0.101223424027011,11.21
-0.123046080627119,11.2125
-0.140344515800632,11.215
-0.1434029039114,11.2175
-0.140817588089276,11.22
-0.146998078385159,11.2225
-0.159666160199417,11.225
-0.160025208273175,11.2275
-0.139490786400671,11.23
-0.115804615180511,11.2325
-0.111377596665729,11.235
-0.121545703092821,11.2375
-0.119927354069411,11.24
-0.096028974097195,11.2425
-0.0703956368955367,11.245
-0.0638488336611686,11.2475
-0.0667819899674763,11.25
-0.0553094685856854,11.2525
-0.029357595051635,11.255
-0.0139313825859214,11.2575
-0.0217673458010276,11.26
-0.0346428612320448,11.2625
-0.0309387277491287,11.265
-0.0167243714975761,11.2675
-0.0145364377918009,11.27
-0.0289395211266331,11.2725
-0.0405574657186591,11.275
-0.0353431426032003,11.2775
-0.0244216819355121,11.28
-0.0261818219845901,11.2825
-0.0381803209625927,11.285
-0.0400888958378442,11.2875
-0.0232843459720142,11.29
-0.00447347052182622,11.2925
-0.00364469888742719,11.295
-0.0174345200365572,11.2975
-0.0255926084549344,11.3
-0.0209712051336868,11.3025
-0.0193913658061626,11.305
-0.0344470708449812,11.3075
-0.0538991008258487,11.31
-0.0538156449680388,11.3125
-0.032199429385343,11.315
-0.0134681349376801,11.3175
-0.0156032962851806,11.32
-0.0268344475261817,11.3225
-0.0265112672402051,11.325
-0.019466856671768,11.3275
-0.0306635007885572,11.33
-0.0650306777885127,11.3325
-0.0926726808329388,11.335
-0.0857352566607793,11.3375
-0.0553032811340723,11.34
-0.0329070842431418,11.3425
-0.0233944563763345,11.345
-0.0012008182550364,11.3475
0.043538472073674,11.35
0.0817522499458855,11.3525
0.084708345267092,11.355
0.0668302809919396,11.3575
0.0645086460270256,11.36
0.082770164990635,11.3625
0.0924582072018494,11.365
0.0799169864358196,11.3675
0.0683891133370383,11.37
0.0791782028331232,11.3725
0.098987427099568,11.375
0.105664306949254,11.3775
0.105571547339431,11.38
0.119572920208159,11.3825
0.144432964579035,11.385
0.156535271572473,11.3875
0.149810988347708,11.39
0.142200726634575,11.3925
0.142101476154605,11.395
0.135314556396493,11.3975
0.114852471515947,11.4
0.0998896480102883,11.4025
0.108417415088509,11.405
0.127765511004637,11.4075
0.131804413468397,11.41
0.117398312604744,11.4125
0.103506671822282,11.415
0.0982273596537672,11.4175
0.0874786894327795,11.42
0.0605427906027852,11.4225
0.0306438339488119,11.425
0.0198578677505754,11.4275
0.0308848444900543,11.43
0.0436312421970199,11.4325
0.0393051003963052,11.435
0.0214200247942476,11.4375
0.00877861605241151,11.44
0.00915174207383807,11.4425
0.00733639085088561,11.445
-0.013531173774713,11.4475
-0.0433448168832358,11.45
-0.052195831562489,11.4525
-0.0303107248609037,11.455
-0.00510418489509685,11.4575
-0.00518865392328417,11.46
-0.0198728843984135,11.4625
-0.0158701803649526,11.465
0.0104202103862991,11.4675
0.0240502474606007,11.47
0.00241724177850853,11.4725
-0.0297521469961427,11.475
-0.0352927804517452,11.4775
-0.0178393692350836,11.48
-0.0138751789168229,11.4825
-0.0365674802770323,11.485
-0.056191035447071,11.4875
-0.0456533474037918,11.49
-0.0223703245920961,11.4925
-0.0243470060819925,11.495
-0.0555745010323702,11.4975
-0.0794784435551856,11.5
-0.0688365665756588,11.5025
-0.0412017408095747,11.505
-0.0320981638954547,11.5075
-0.0460693963904965,11.51
-0.0535055202927615,11.5125
-0.034773785115697,11.515
-0.00842327076305901,11.5175
-0.005177373590757,11.52
-0.0260982893463479,11.5225
-0.0440899065165262,11.525
-0.0446849180014171,11.5275
-0.0458286722928206,11.53
-0.0688211805805466,11.5325
-0.105487681136587,11.535
-0.130164669354603,11.5375
-0.134857859770398,11.54
-0.132560094077111,11.5425
-0.128705641660225,11.545
-0.112664028194561,11.5475
-0.0843408894472584,11.55
-0.0676155385828055,11.5525
-0.0808054932676211,11.555
-0.107448677130629,11.5575
-0.11680348950882,11.56
-0.106806948473981,11.5625
-0.103922959410415,11.565
-0.119120996328774,11.5675
-0.128174307812981,11.57
-0.108442005462506,11.5725
-0.0770756216725267,11.575
-0.0717397470807115,11.5775
-0.100573026429576,11.58
-0.132688111749925,11.5825
-0.139546925596903,11.585
-0.126764100198406,11.5875
-0.117335414103373,11.59
-0.118545728022194,11.5925
-0.118676963959534,11.595
-0.108625020789362,11.5975
-0.0927137326640664,11.6
-0.0792353672742473,11.6025
-0.0712754064714334,11.605
-0.0685283917150794,11.6075
-0.0695183779301174,11.61
-0.069061895889674,11.6125
-0.0611249151142991,11.615
-0.0488673389569865,11.6175
-0.0452787427476091,11.62
-0.0569048868499781,11.6225
-0.0716561322215819,11.625
-0.0718718693788793,11.6275
-0.0574624402002737,11.63
-0.0450523195555763,11.6325
-0.0423166674894997,11.635
-0.0357780642947725,11.6375
-0.0128573952055641,11.64
0.0134388561860058,11.6425
0.0164439875365708,11.645
-0.00933455204733014,11.6475
-0.039868907558022,11.65
-0.0521244369849189,11.6525
-0.0496906430851525,11.655
-0.0483133637805596,11.6575
-0.0462058359310003,11.66
-0.0253950125875003,11.6625
0.0177752233253345,11.665
0.0591354204423104,11.6675
0.0718358283471375,11.67
0.0566534436134081,11.6725
0.0373740677059069,11.675
0.0290078510117145,11.6775
0.021430263871327,11.68
-0.00116473420145118,11.6825
-0.0323359026294402,11.685
-0.0462591340598051,11.6875
-0.0303107518930789,11.69
-0.0037627213307375,11.6925
0.00614683072386838,11.695
0.000225605449695682,11.6975
0.00368336889428617,11.7
0.0263748656761815,11.7025
0.0457167510794203,11.705
0.039214876978012,11.7075
0.0179922781368147,11.71
0.0104923134455892,11.7125
0.0218414909713874,11.715
0.0295130862312537,11.7175
0.0174468061690726,11.72
-0.00450336948115564,11.7225
-0.0181847437760757,11.725
-0.0181108877289922,11.7275
-0.00929502493878527,11.73
0.00258428581187594,11.7325
0.0122625826851989,11.735
0.0169076978352858,11.7375
0.0225827842128881,11.74
0.0373393603474175,11.7425
0.0521385069065201,11.745
0.0433454049841584,11.7475
0.00599427471077834,11.75
-0.0289358269262356,11.7525
-0.0288395698118315,11.755
-0.00289012180742569,11.7575
0.0118452716887222,11.76
0.00663318790969873,11.7625
0.0159225899450797,11.765
0.0635324743979565,11.7675
0.118014564262529,11.77
0.128047823621228,11.7725
0.0917864302848961,11.775
0.0597163369389864,11.7775
0.0647294716427893,11.78
0.0797218991788187,11.7825
0.0630453709669854,11.785
0.0231616270765416,11.7875
0.00670947572744654,11.79
0.0284153042937997,11.7925
0.0467861582504137,11.795
0.02126684802073,11.7975
-0.0320581693095898,11.8
-0.0645999941128175,11.8025
-0.0616192045390734,11.805
-0.0565231046139148,11.8075
-0.0777392551538368,11.81
-0.107445241185221,11.8125
-0.108940816658411,11.815
-0.0798117021011724,11.8175
-0.0548809819473839,11.82
-0.0577790043653407,11.8225
-0.0721463717467745,11.825
-0.072001990182113,11.8275
-0.0645117865948026,11.83
-0.0823943808760618,11.8325
-0.138665597734505,11.835
-0.210965877732197,11.8375
-0.276232352033946,11.84
-0.34054697863564,11.8425
-0.418679011222457,11.845
-0.496109548738343,11.8475
-0.531417614967195,11.85
-0.492589828133804,11.8525
-0.371006429115859,11.855
-0.158361312701657,11.8575
0.166115925916077,11.86
0.607995206149657,11.8625
1.12478754644066,11.865
1.63187884276569,11.8675
2.03629848576176,11.87
2.25997951772655,11.8725
2.24694003317084,11.875
1.97417043396754,11.8775
1.46515630165591,11.88
0.787495446108179,11.8825
0.0358425702108951,11.885
-0.684501541773225,11.8875
-1.27694724265141,11.89
-1.68498055759407,11.8925
-1.91227966250914,11.895
-1.99945352560019,11.8975
-1.9775513325511,11.9
-1.85639227216562,11.9025
-1.65637573631653,11.905
-1.42368837615497,11.9075
-1.19443776428133,11.91
-0.960351278036541,11.9125
-0.695929358901766,11.915
-0.413091027770812,11.9175
-0.160629131371746,11.92
0.0334666521015227,11.9225
0.190136808299405,11.925
0.336148102127398,11.9275
0.458964649065708,11.93
0.530165842500818,11.9325
0.557317151371145,11.935
0.579106983690546,11.9375
0.611184443141065,11.94
0.629712050597836,11.9425
0.617543687651163,11.945
0.596554803317452,11.9475
0.593748334456087,11.95
0.597221217975066,11.9525
0.574219336584629,11.955
0.523020110662579,11.9575
0.476356433792186,11.96
0.451395919383901,11.9625
0.425010347136755,11.965
0.372390291530356,11.9675
0.308479877522492,11.97
0.267960268412738,11.9725
0.253632381740413,11.975
0.231031919725447,11.9775
0.178458564025849,11.98
0.119674503642685,11.9825
0.0914847926447453,11.985
0.0928227759548782,11.9875
0.0882990462423811,11.99
0.0597459698871061,11.9925
0.0302683725817367,11.995
0.0271468931616173,11.9975
0.039886486928134,12
0.0348142605854916,12.0025
0.00273529000022404,12.005
-0.0306141357115768,12.0075
-0.0435450013755683,12.01
-0.0474526713133608,12.0125
-0.0661921717971679,12.015
-0.100306535394704,12.0175
-0.127762334320201,12.02
-0.135544232949796,12.0225
-0.134851047246259,12.025
-0.142164481510781,12.0275
-0.157361946776966,12.03
-0.168186436058827,12.0325
-0.169318118302084,12.035
-0.167391691312854,12.0375
-0.16882246216763,12.04
-0.171033041605576,12.0425
-0.167314799371272,12.045
-0.154680750589236,12.0475
-0.135121416130042,12.05
-0.113818139805976,12.0525
-0.0976678396956111,12.055
-0.0904663314745063,12.0575
-0.0872022884433554,12.06
-0.0782432264901036,12.0625
-0.062292727578046,12.065
-0.0497405539731481,12.0675
-0.0484101169255379,12.07
-0.0512884620423095,12.0725
-0.0459099118891918,12.075
-0.0328778023183348,12.0775
-0.025464487368095,12.08
-0.0297849383360076,12.0825
-0.0351774737268345,12.085
-0.0302325495467576,12.0875
-0.0209632826755432,12.09
-0.022806363598791,12.0925
-0.0371580192756329,12.095
-0.0482375725583829,12.0975
-0.0464915456712782,12.1
-0.0427453689365137,12.1025
-0.049546213102622,12.105
-0.0581354083887271,12.1075
-0.0495196180593356,12.11
-0.0250970003837771,12.1125
-0.00816231803290992,12.115
-0.0107915055844914,12.1175
-0.0160200902157829,12.12
-0.00336491656165081,12.1225
0.0209274581340112,12.125
0.033847167653298,12.1275
0.0283385039833252,12.13
0.0196679091417905,12.1325
0.0205081970932574,12.135
0.0248263236101745,12.1375
0.0205136278901644,12.14
0.00700871815768809,12.1425
-0.0060772578571452,12.145
-0.0120383002746543,12.1475
-0.0134046682143461,12.15
-0.0172805414515188,12.1525
-0.0264364297590903,12.155
-0.0341462865792323,12.1575
-0.0295013380194984,12.16
-0.0102664239536785,12.1625
0.013341653744838,12.165
0.0324874819289475,12.1675
0.0522108985907687,12.17
0.0814149249863733,12.1725
0.114323774756341,12.175
0.134552874166783,12.1775
0.138234542688991,12.18
0.139913012930255,12.1825
0.150511684481022,12.185
0.161192521753219,12.1875
0.157981113880259,12.19
0.144248251837084,12.1925
0.137259622908936,12.195
0.145060456296283,12.1975
0.157433002734021,12.2
0.161691874801735,12.2025
0.159039151434535,12.205
0.159565152856453,12.2075
0.165758884986444,12.21
0.168982475708273,12.2125
0.162246648112087,12.215
0.148885766861194,12.2175
0.135603547963478,12.22
0.123591884947321,12.2225
0.11140543090136,12.225
0.100840840263192,12.2275
0.0938641417023789,12.23
0.0886449895058025,12.2325
0.084892977834481,12.235
0.087374177070393,12.2375
0.0961253250470173,12.24
0.0991326285816682,12.2425
0.0857373057625374,12.245
0.0637466783945365,12.2475
0.0510435607162235,12.25
0.0511769261803425,12.2525
0.0497419085219432,12.255
0.0368914826430833,12.2575
0.0216447814835192,12.26
0.0183254765209606,12.2625
0.0270152076584405,12.265
0.0342555296393172,12.2675
0.0293459939647111,12.27
0.0149225543591304,12.2725
0.00248013084599986,12.275
-0.000440153529245778,12.2775
0.00135714748174879,12.28
-0.00340168417362828,12.2825
-0.0166457850193555,12.285
-0.0254007228669963,12.2875
-0.0179884516788573,12.29
-0.00224768403524875,12.2925
0.00229837433680448,12.295
-0.00934157291167386,12.2975
-0.0207333924216399,12.3
-0.0180056213039324,12.3025
-0.00918427054938385,12.305
-0.00934609903896944,12.3075
-0.0152600143567901,12.31
-0.0103445997077312,12.3125
0.00728959627463916,12.315
0.018580009604643,12.3175
0.010114533020286,12.32
-0.00711875580900679,12.3225
-0.0148850236120138,12.325
-0.0130924448615078,12.3275
-0.0155369825425992,12.33
-0.0261467835335838,12.3325
-0.0338704518577887,12.335
-0.031725272928851,12.3375
-0.0281278297638156,12.34
-0.0335155243598617,12.3425
-0.0444883650216155,12.345
-0.0498982814345542,12.3475
-0.0483890930427472,12.35
-0.0498979231056206,12.3525
-0.059241930458087,12.355
-0.0679137652459859,12.3575
-0.0674201993993006,12.36
-0.0632613269644474,12.3625
-0.0667090208862155,12.365
-0.076604187905729,12.3675
-0.0802054824471515,12.37
-0.0721628011215787,12.3725
-0.061516787986268,12.375
-0.0564340572143935,12.3775
-0.0525705710121933,12.38
-0.0430921155137524,12.3825
-0.0311283989257773,12.385
-0.0235152265150583,12.3875
-0.0196678134466754,12.39
-0.0171889246396534,12.3925
-0.0223411892882586,12.395
-0.0419672265280418,12.3975
-0.0684016399130605,12.4
-0.0863888907466396,12.4025
-0.0937504980210625,12.405
-0.100190083057146,12.4075
-0.105136492494637,12.41
-0.0946848552681129,12.4125
-0.0663606958059899,12.415
-0.0396030662183666,12.4175
-0.0310720029924219,12.42
-0.033968670948482,12.4225
-0.0344488934736051,12.425
-0.0350986589762259,12.4275
-0.0453827083082086,12.43
-0.0586639727033684,12.4325
-0.0588064409566282,12.435
-0.046072365612651,12.4375
-0.0371692094102169,12.44
-0.0388163680363271,12.4425
-0.0393539772918117,12.445
-0.0311632936115857,12.4475
-0.024717537876835,12.45
-0.031048543412529,12.4525
-0.0429475724774929,12.455
-0.0460012889364969,12.4575
-0.0409753412315834,12.46
-0.0419693007877233,12.4625
-0.0541823470350479,12.465
-0.0657714740383599,12.4675
-0.0652453787183153,12.47
-0.0575729332295472,12.4725
-0.0548390171406321,12.475
-0.055392320927676,12.4775
-0.0443073451132315,12.48
-0.0181829825705268,12.4825
0.00235681878525275,12.485
-0.00275088568599368,12.4875
-0.022591870978461,12.49
-0.0273888571690483,12.4925
-0.0111732257795991,12.495
-0.00065360680637884,12.4975
-0.0122261814274266,12.5
-0.0226780711068192,12.5025
-0.0041957884571923,12.505
0.027031456633386,12.5075
0.0274272939922148,12.51
-0.0118056345324265,12.5125
-0.0503019322363543,12.515
-0.0545912162534944,12.5175
-0.040341536557256,12.52
-0.0399000831848896,12.5225
-0.0491353777343908,12.525
-0.0351762720979031,12.5275
0.0100598228916954,12.53
0.0532343101930684,12.5325
0.0626138665101011,12.535
0.0455859305614669,12.5375
0.0304092094824787,12.54
0.0260942222014689,12.5425
0.0184089211369634,12.545
-0.000719510099444015,12.5475
-0.0186163244282661,12.55
-0.0197485442739323,12.5525
-0.0056950639823023,12.555
0.00862726775057051,12.5575
0.0117355829205371,12.56
0.00405659692881818,12.5625
-0.00564388046101178,12.565
-0.00912070609843987,12.5675
-0.00699794385664913,12.57
-0.00824185455639355,12.5725
-0.0167845918826959,12.575
-0.0214902347130479,12.5775
-0.00913903797042003,12.58
0.0137900875095424,12.5825
0.0263974581965725,12.585
0.0236571124246793,12.5875
0.0250423348904387,12.59
0.0436095991397106,12.5925
0.0625113872840285,12.595
0.0584634435214955,12.5975
0.0370945396374342,12.6
0.0243615624146751,12.6025
0.0274842591686743,12.605
0.0262371631729252,12.6075
0.00626955773861489,12.61
-0.0180868216634784,12.6125
-0.0246156091578691,12.615
-0.0146353486314279,12.6175
-0.0100080873790653,12.62
-0.0226297627684893,12.6225
-0.039993849949476,12.625
-0.0450136825526236,12.6275
-0.0407181354744016,12.63
-0.0449486563547821,12.6325
-0.0630007475155736,12.635
-0.0783589997038811,12.6375
-0.0760661524796738,12.64
-0.0643057997970437,12.6425
-0.0613649313047475,12.645
-0.068408511445364,12.6475
-0.0713438418467356,12.65
-0.0688552962249933,12.6525
-0.0809487735316109,12.655
-0.123153826551086,12.6575
-0.186793739994875,12.66
-0.255378078667114,12.6625
-0.328655450844482,12.665
-0.414455998409311,12.6675
-0.50011988735174,12.67
-0.545770437905748,12.6725
-0.507618092828498,12.675
-0.359938173045472,12.6775
-0.0954210847923267,12.68
0.282643788893643,12.6825
0.756996775693896,12.685
1.28254934075553,12.6875
1.77804597322016,12.69
2.13881753204078,12.6925
2.27276964540907,12.695
2.13905409807418,12.6975
1.75770377112098,12.7
1.18399464734451,12.7025
0.482072776245984,12.705
-0.270857949832811,12.7075
-0.971902330049101,12.71
-1.51828819795376,12.7125
-1.86363438763964,12.715
-2.03661497458474,12.7175
-2.09054028317071,12.72
-2.04606458214937,12.7225
-1.89958970225008,12.725
-1.67303998942585,12.7275
-1.42078432050173,12.73
-1.17958177570582,12.7325
-0.938545777784787,12.735
-0.675786865877813,12.7375
-0.405921998041167,12.74
-0.168918908143219,12.7425
0.0174983817416701,12.745
0.169432473869623,12.7475
0.302919864925966,12.75
0.412522196944465,12.7525
0.489729998476783,12.755
0.542572237928568,12.7575
0.584853703206645,12.76
0.619034070533927,12.7625
0.642017353551441,12.765
0.657674152451106,12.7675
0.669949277412775,12.77
0.670621220947266,12.7725
0.648962047343582,12.775
0.610606810861056,12.7775
0.572123187667583,12.78
0.537026829000363,12.7825
0.492511127904481,12.785
0.433784708810626,12.7875
0.376371453079771,12.79
0.334891599159334,12.7925
0.301761200905329,12.795
0.260474746412919,12.7975
0.21264741965586,12.8
0.175695048297124,12.8025
0.154717656070232,12.805
0.132839217477957,12.8075
0.0953525245182912,12.81
0.0512471161983544,12.8125
0.0205514534729945,12.815
0.00739048477021118,12.8175
-0.00180199240235729,12.82
-0.0147380001650237,12.8225
-0.0218400644623692,12.825
-0.0149736361065419,12.8275
-0.00755762081059823,12.83
-0.022944608090962,12.8325
-0.0643406211620837,12.835
-0.109049053202772,12.8375
-0.136672951185796,12.84
-0.151589979081749,12.8425
-0.168364443446356,12.845
-0.184293746416856,12.8475
-0.182493959072457,12.85
-0.161239642521573,12.8525
-0.143084728059452,12.855
-0.14668797031336,12.8575
-0.161544057009725,12.86
-0.163041823256712,12.8625
-0.145912795628488,12.865
-0.128041373437588,12.8675
-0.122095624822456,12.87
-0.119198938777919,12.8725
-0.107338927871553,12.875
-0.0933469477678604,12.8775
-0.0939419689694315,12.88
-0.110914095077545,12.8825
-0.129480233993737,12.885
-0.14099524718928,12.8875
-0.152792059186105,12.89
-0.170093610933487,12.8925
-0.181437082569937,12.895
-0.173577539977626,12.8975
-0.152030210987788,12.9
-0.131721943987968,12.9025
-0.111358129373481,12.905
-0.0752637124462597,12.9075
-0.0236570265436551,12.91
0.0170369179568607,12.9125
0.0247588408358463,12.915
0.00958539803067449,12.9175
-0.0028538372580024,12.92
-0.00630181460634884,12.9225
-0.015076937761291,12.925
-0.0343057611410498,12.9275
-0.0479810693056513,12.93
-0.0410772890264398,12.9325
-0.0192350129711858,12.935
0.00106141895873879,12.9375
0.0120158482573861,12.94
0.0164373948351574,12.9425
0.0177403149107759,12.945
0.0170922484263169,12.9475
0.0167819317993476,12.95
0.0183366566692322,12.9525
0.0182629260735927,12.955
0.0116133963164731,12.9575
-0.000382008594364236,12.96
-0.0108532262343766,12.9625
-0.0155462317592964,12.965
-0.0167587139154065,12.9675
-0.018826982347967,12.97
-0.0229575004323183,12.9725
-0.0267665276436339,12.975
-0.0261109255888045,12.9775
-0.0177522089489963,12.98
-0.0037638008134271,12.9825
0.00691039970540631,12.985
0.00593471302852104,12.9875
-0.00386407639869478,12.99
-0.00925388968561251,12.9925
-7.39910870474758e-05,12.995
0.0208676640089983,12.9975
0.0432880197462969,13
0.0620799990208555,13.0025
0.081544148251936,13.005
0.107433856911592,13.0075
0.136412197383005,13.01
0.155214280172423,13.0125
0.153487183994899,13.015
0.138520006853824,13.0175
0.131751321647873,13.02
0.145032184817143,13.0225
0.164758799677133,13.025
0.168388268889502,13.0275
0.154007068875859,13.03
0.14118267905777,13.0325
0.141373485169342,13.035
0.142553093202455,13.0375
0.131130597036155,13.04
0.115593292953402,13.0425
0.114072470615839,13.045
0.126293682923978,13.0475
0.134552964616365,13.05
0.130495526889852,13.0525
0.124385568786507,13.055
0.124636835999557,13.0575
0.122983294485767,13.06
0.108324778179075,13.0625
0.0852799044030244,13.065
0.0684664173895501,13.0675
0.0631152864135761,13.07
0.0613269795109892,13.0725
0.0564867906783272,13.075
0.0521306550052449,13.0775
0.0533953321877803,13.08
0.0562360282588679,13.0825
0.0515000076102238,13.085
0.038083553037069,13.0875
0.0260799791535501,13.09
0.0252154791293008,13.0925
0.0347805730284137,13.095
0.0484777870827116,13.0975
0.0647573519053206,13.1
0.0846733729689356,13.1025
0.100259694706469,13.105
0.0956632073772006,13.1075
0.0666330381661663,13.11
0.0318410583090001,13.1125
0.0143636864565644,13.115
0.0149227508273738,13.1175
0.0157907169066205,13.12
0.0111639272630479,13.1225
0.017121930636322,13.125
0.0428273950636812,13.1275
0.0668981617370181,13.13
0.0600790639288303,13.1325
0.0249025197262562,13.135
-0.00675494648351579,13.1375
-0.0160431334353691,13.14
-0.0177382764333772,13.1425
-0.0315504452350072,13.145
-0.0502766570742325,13.1475
-0.0514480976707741,13.15
-0.0313537644756375,13.1525
-0.0104481302249483,13.155
-0.00581649350881039,13.1575
-0.012228080298294,13.16
-0.0145672741706201,13.1625
-0.00931038141000425,13.165
-0.00683739004424844,13.1675
-0.0165932456968966,13.17
-0.0355461033189674,13.1725
-0.0509808905329823,13.175
-0.0529632013165418,13.1775
-0.0445319032566419,13.18
-0.0385282557923309,13.1825
-0.0417692945037746,13.185
-0.044923239658189,13.1875
-0.0346870807691409,13.19
-0.0151180203484045,13.1925
-0.0064058976222643,13.195
-0.0178521454963788,13.1975
-0.0325992323336461,13.2
-0.029759375180501,13.2025
-0.0144974770826446,13.205
-0.0107134935628257,13.2075
-0.02478010760232,13.21
-0.0342917440147611,13.2125
-0.0205033652442013,13.215
0.00306975171986708,13.2175
0.0087934736671541,13.22
-0.00767942922361623,13.2225
-0.0260914861612371,13.225
-0.0346345805397421,13.2275
-0.0444457266221042,13.23
-0.0658914575313499,13.2325
-0.0874628340990058,13.235
-0.0900689760211731,13.2375
-0.0723025745959636,13.24
-0.049361218156122,13.2425
-0.0328316235748428,13.245
-0.0234601218514609,13.2475
-0.0209057862819657,13.25
-0.0279374636368237,13.2525
-0.042425674268055,13.255
-0.0542062149234291,13.2575
-0.0549222574530393,13.26
-0.0465670403129299,13.2625
-0.0365592064596285,13.265
-0.0278233598339516,13.2675
-0.0183112409411539,13.27
-0.00899842861975662,13.2725
-0.00701862677983447,13.275
-0.0178175922126705,13.2775
-0.0358769864019171,13.28
-0.0471091375167786,13.2825
-0.0425916821909549,13.285
-0.0283425319719686,13.2875
-0.0183624608944264,13.29
-0.018123306567478,13.2925
-0.0191719654911936,13.295
-0.0121800471773317,13.2975
-0.000450625923720756,13.3
0.00538894111033209,13.3025
0.00340170018981689,13.305
0.00274541291200006,13.3075
0.00912634937773542,13.31
0.0163373870022218,13.3125
0.0165661303187774,13.315
0.0117350231584117,13.3175
0.007774820631198,13.32
0.00356082780702611,13.3225
-0.00512371925800025,13.325
-0.0140612120876232,13.3275
-0.0141773985029683,13.33
-0.00642249991482016,13.3325
-0.00121444512375821,13.335
-8.29611987113454e-05,13.3375
0.00949025042962024,13.34
0.0332918811244199,13.3425
0.0558551885872192,13.345
0.0591573823586696,13.3475
0.0482751963854235,13.35
0.0431494975850877,13.3525
0.0481143772817473,13.355
0.0470180036929174,13.3575
0.0310991963782665,13.36
0.014191394327707,13.3625
0.0107712900973769,13.365
0.0125820289946342,13.3675
0.00168857630670886,13.37
-0.0205087338477257,13.3725
-0.0338820559757764,13.375
-0.0287398297061555,13.3775
-0.0185407532912745,13.38
-0.0174784368632536,13.3825
-0.0185091416468612,13.385
-0.00592283708537929,13.3875
0.0176418672435047,13.39
0.0329527351095549,13.3925
0.0332123009585737,13.395
0.0347575362651181,13.3975
0.0511554629049636,13.4
0.0711091609224364,13.4025
0.0762557070026832,13.405
0.0705594267900536,13.4075
0.0725894450231426,13.41
0.0826950859994715,13.4125
0.0802579167758776,13.415
0.0571703348491624,13.4175
0.0321899763411541,13.42
0.0215204866951028,13.4225
0.0141965767365828,13.425
-0.00689764346826735,13.4275
-0.0339275247075746,13.43
-0.0450938883653662,13.4325
-0.039534145634167,13.435
-0.0389399276027984,13.4375
-0.0540560423923945,13.44
-0.06986542509023,13.4425
-0.0702544941966305,13.445
-0.0609402779411609,13.4475
-0.0575551511200366,13.45
-0.0619284197703396,13.4525
-0.0622758321976266,13.455
-0.0526368165702606,13.4575
-0.0424470327621639,13.46
-0.0465572598004248,13.4625
-0.0708018476453274,13.465
-0.109092052376452,13.4675
-0.154195119794254,13.47
-0.21022430422111,13.4725
-0.290052188650407,13.475
-0.396185256287272,13.4775
-0.50738170052869,13.48
-0.589723035243233,13.4825
-0.617156374742138,13.485
-0.572370612709734,13.4875
-0.430612547445904,13.49
-0.159184338623381,13.4925
0.255076051322918,13.495
0.779097293406595,13.4975
1.33704621791024,13.5
1.83663816766581,13.5025
2.19202661712895,13.505
2.33474227702808,13.5075
2.222893267615,13.51
1.85325357959322,13.5125
1.26812364098749,13.515
0.549560430683243,13.5175
-0.19858770786247,13.52
-0.876793240107685,13.5225
-1.41629328632498,13.525
-1.79192764528895,13.5275
-2.01220330100527,13.53
-2.09700237657208,13.5325
-2.06482277450352,13.535
-1.93645677821838,13.5375
-1.74006630622726,13.54
-1.50473632285991,13.5425
-1.25000683537646,13.545
-0.985197036109279,13.5475
-0.717706254651854,13.55
-0.459078034698176,13.5525
-0.22384989116388,13.555
-0.0241225487091644,13.5575
0.136766378769022,13.56
0.266810183536783,13.5625
0.378115158298579,13.565
0.473694631550226,13.5675
0.544206846913616,13.57
0.581489709119142,13.5725
0.592063507317674,13.575
0.591597769472821,13.5775
0.587867475493943,13.58
0.576008923080102,13.5825
0.551266661272489,13.585
0.519740781562875,13.5875
0.492563061145966,13.59
0.472778325292565,13.5925
0.452465500915774,13.595
0.423162228901027,13.5975
0.386877333333222,13.6
0.354562548224608,13.6025
0.332529009785154,13.605
0.312221561929554,13.6075
0.277992416178728,13.61
0.22632282213576,13.6125
0.172116908132912,13.615
0.131538051044453,13.6175
0.102906842559214,13.62
0.071834652058179,13.6225
0.0336849210523706,13.625
0.00177269484020252,13.6275
-0.0105815329848846,13.63
-0.00977650847907462,13.6325
-0.0164939743718441,13.635
-0.041366097567194,13.6375
-0.0723789963647106,13.64
-0.0897667711174387,13.6425
-0.0897121659348682,13.645
-0.0875037008888148,13.6475
-0.0974562500233933,13.65
-0.116134036437745,13.6525
-0.128626397498827,13.655
-0.126485758869027,13.6575
-0.114851390190352,13.66
-0.105144427479808,13.6625
-0.105158283038162,13.665
-0.113902187887313,13.6675
-0.123036049320709,13.67
-0.126542123744165,13.6725
-0.130582913326512,13.675
-0.147038560117682,13.6775
-0.173804454945504,13.68
-0.191055561909555,13.6825
-0.185334305828149,13.685
-0.168872698515276,13.6875
-0.163016713939244,13.69
-0.168134571758061,13.6925
-0.164902122631732,13.695
-0.144714559733615,13.6975
-0.12280350192189,13.7
-0.11486036152651,13.7025
-0.113501087642173,13.705
-0.100434286413309,13.7075
-0.0761754829519041,13.71
-0.0623260083919669,13.7125
-0.0709876193458528,13.715
-0.0849538517382244,13.7175
-0.079206585453911,13.72
-0.0549163117889292,13.7225
-0.0369250696911871,13.725
-0.0376405156285865,13.7275
-0.0402620651867985,13.73
-0.0258240968665198,13.7325
-0.00239408719247863,13.735
0.00753677297709175,13.7375
0.000172083719896174,13.74
-0.00698667538884896,13.7425
-0.00322685052204668,13.745
0.00284068448298187,13.7475
0.00190077325160237,13.75
-0.00109933482219325,13.7525
0.00232812967339566,13.755
0.010937845463037,13.7575
0.0191506435695901,13.76
0.0259528858162601,13.7625
0.0306825228688921,13.765
0.0282815341526998,13.7675
0.0166107613799144,13.77
0.00197136111002525,13.7725
-0.00966494208520324,13.775
-0.0213782419419391,13.7775
-0.0390047816013146,13.78
-0.0608458707820018,13.7825
-0.079262840766208,13.785
-0.0890718280742342,13.7875
-0.0901778037837175,13.79
-0.0843653425935565,13.7925
-0.071765534848504,13.795
-0.0493710283488258,13.7975
-0.0156739521949783,13.8
0.0192296161811111,13.8025
0.0346375213874494,13.805
0.0216601625628324,13.8075
0.0010081536070382,13.81
0.00297728033994744,13.8125
0.0292327900136601,13.815
0.05253193581787,13.8175
0.0596354740469426,13.82
0.072988706759317,13.8225
0.113706978006692,13.825
0.16051672078304,13.8275
0.172132462634646,13.83
0.145653218428078,13.8325
0.124311383033154,13.835
0.13950385820363,13.8375
0.169421948811674,13.84
0.172909057019693,13.8425
0.147703994250087,13.845
0.129537782845256,13.8475
0.137712526002349,13.85
0.148988373495197,13.8525
0.135307017993418,13.855
0.106319740522342,13.8575
0.0947901761917329,13.86
0.109802858341327,13.8625
0.127040006498648,13.865
0.126158830194972,13.8675
0.117085295801373,13.87
0.119556437745175,13.8725
0.131516015973564,13.875
0.133177315314983,13.8775
0.115892747714698,13.88
0.091194546890648,13.8825
0.0710571836801039,13.885
0.0533438026115064,13.8875
0.0327766321836112,13.89
0.0160075731084307,13.8925
0.0153292011574304,13.895
0.0308716088694589,13.8975
0.0488027134254686,13.9
0.0578927839957551,13.9025
0.0596536339423863,13.905
0.059147302388313,13.9075
0.0538781864264657,13.91
0.03894514451957,13.9125
0.0183482335325739,13.915
0.00231097051586028,13.9175
-0.00527936351981766,13.92
-0.008717326903324,13.9225
-0.010356131778983,13.925
-0.00761258113746339,13.9275
-0.00150181118955611,13.93
0.00108113076023372,13.9325
-0.00240179756433998,13.935
-0.00535000362920848,13.9375
-0.00238205598288482,13.94
0.00243360125565571,13.9425
0.00384924741341607,13.945
0.00621944096275389,13.9475
0.017978572344893,13.95
0.0375385367492322,13.9525
0.052274895007191,13.955
0.0528605867192776,13.9575
0.0435497962096637,13.96
0.035149873594036,13.9625
0.0304797701318937,13.965
0.0218380844245831,13.9675
0.00430910189818456,13.97
-0.0137081472438383,13.9725
-0.0198404005142169,13.975
-0.0156546999147792,13.9775
-0.0158043018990288,13.98
-0.0267593764162829,13.9825
-0.0364635756574981,13.985
-0.032458523367529,13.9875
-0.0220821294125192,13.99
-0.0238204182775524,13.9925
-0.0432462209895223,13.995
-0.0695187800594447,13.9975
-0.0938831937845059,14
-0.118315125742127,14.0025
-0.143108957544045,14.005
-0.157878470896522,14.0075
-0.15190492024438,14.01
-0.126650009648678,14.0125
-0.0925960771913276,14.015
-0.0597569278955442,14.0175
-0.0364652478502957,14.02
-0.0305913102997239,14.0225
-0.0433665089718591,14.025
-0.0648969546854678,14.0275
-0.0831143744490955,14.03
-0.095527399333641,14.0325
-0.105819244059768,14.035
-0.111254157504405,14.0375
-0.102745224992543,14.04
-0.0792788197082215,14.0425
-0.0538534877701117,14.045
-0.039198593057197,14.0475
-0.0323167775528632,14.05
-0.0202088040997643,14.0525
0.00107158684655002,14.055
0.021007339338517,14.0575
0.0292134856754087,14.06
0.0274276145398027,14.0625
0.0230082953255426,14.065
0.0177358013453544,14.0675
0.00965264604954343,14.07
0.000708121278781301,14.0725
-0.00507884248694587,14.075
-0.0075722915410114,14.0775
-0.00777741180653702,14.08
-0.00339032931154354,14.0825
0.00509314381069701,14.085
0.00885828032117687,14.0875
0.00202688238388974,14.09
-0.00509410802334921,14.0925
0.00336903481059055,14.095
0.0262109897283264,14.0975
0.046618387591633,14.1
0.0569099721589287,14.1025
0.0666336476784908,14.105
0.0816266283816037,14.1075
0.0905266343503383,14.11
0.0816963864335326,14.1125
0.0615914565156424,14.115
0.0446252697230437,14.1175
0.033313727361143,14.12
0.0205908462731916,14.1225
0.00567439356774366,14.125
-0.00506503780357708,14.1275
-0.00983254692799384,14.13
-0.0123156452387873,14.1325
-0.0126117400024119,14.135
-0.00842608560054968,14.1375
-0.0044909315136546,14.14
-0.00866514337163691,14.1425
-0.0169011740137586,14.145
-0.0145863030925844,14.1475
0.00169087060758256,14.15
0.0151991220731892,14.1525
0.0113865026970725,14.155
0.00022453467100666,14.1575
0.00268572345597921,14.16
0.0193667386036003,14.1625
0.0295885243219822,14.165
0.0243796212669451,14.1675
0.022724898923226,14.17
0.0437993560707335,14.1725
0.0761977131722681,14.175
0.0913836891826914,14.1775
0.0809790368871586,14.18
0.0625205269175499,14.1825
0.0499316395444845,14.185
0.0376426420072818,14.1875
0.0187445719163275,14.19
0.00160049741360003,14.1925
-0.00204439155466886,14.195
0.00579336201618237,14.1975
0.0148564603457876,14.2
0.0216524682639253,14.2025
0.028629859410283,14.205
0.0338619686776404,14.2075
0.0325341002382762,14.21
0.0270226532589002,14.2125
0.0260087175917032,14.215
0.0325168408276568,14.2175
0.0399278782622487,14.22
0.0420390120016783,14.2225
0.0414989288735659,14.225
0.0446238915137023,14.2275
0.0511917084256988,14.23
0.0537612583788162,14.2325
0.0465534812325951,14.235
0.0316302240968201,14.2375
0.0152764426450377,14.24
0.000429989619368625,14.2425
-0.0149812957002857,14.245
-0.0318457230340512,14.2475
-0.0438649538057531,14.25
-0.0409825852083657,14.2525
-0.0208092823831917,14.255
0.00558950414979752,14.2575
0.0233724752485087,14.26
0.0287022563610502,14.2625
0.0286427707625054,14.265
0.0260046482286462,14.2675
0.0125868870031304,14.27
-0.0167775753230864,14.2725
-0.0505370914443052,14.275
-0.0720968843385782,14.2775
-0.084606578454843,14.28
-0.112778718968505,14.2825
-0.175301289352856,14.285
-0.264155603746921,14.2875
-0.358125843484725,14.29
-0.447472366626392,14.2925
-0.530357865562256,14.295
-0.585563759395061,14.2975
-0.564094547934596,14.3
-0.416431665822014,14.3025
-0.123223761854188,14.305
0.301515290643983,14.3075
0.823286587814882,14.31
1.38968671371499,14.3125
1.92349057397373,14.315
2.32660240339926,14.3175
2.50285691650673,14.32
2.38974404352077,14.3225
1.98378625594988,14.325
1.34454135616177,14.3275
0.571310406822413,14.33
-0.231048323292276,14.3325
-0.97137453665221,14.335
-1.57469600890998,14.3375
-1.99006359216293,14.34
-2.20934322383982,14.3425
-2.27122358193349,14.345
-2.23294312865954,14.3475
-2.13254595769139,14.35
-1.97789567418192,14.3525
-1.76653858500511,14.355
-1.50737570692463,14.3575
-1.22025441188717,14.36
-0.920239279723642,14.3625
-0.610973307539391,14.365
-0.297540243646893,14.3675
-0.00129926898393562,14.37
0.247032675370538,14.3725
0.432247659273382,14.375
0.566598860874947,14.3775
0.671587422051433,14.38
0.752370469885293,14.3825
0.798321034370201,14.385
0.807181632737246,14.3875
0.797153672295026,14.39
0.788533056561788,14.3925
0.780527533486458,14.395
0.757160102637794,14.3975
0.715077779072568,14.4
0.672687231489159,14.4025
0.6447285271699,14.405
0.618112642239743,14.4075
0.5675314077863,14.41
0.492321007544919,14.4125
0.420608806293091,14.415
0.371321947414102,14.4175
0.328449294239535,14.42
0.26703178522022,14.4225
0.193573867714648,14.425
0.140058348374385,14.4275
0.119149851888683,14.43
0.106495727650406,14.4325
0.0757343539411537,14.435
0.0340001959638997,14.4375
0.00708047529397946,14.44
-0.00100769913957848,14.4425
-0.0139566924664003,14.445
-0.0484907723175183,14.4475
-0.0915562575146933,14.45
-0.120194521090989,14.4525
-0.131321999735719,14.455
-0.139082390854578,14.4575
-0.150275358660878,14.46
-0.158635098402494,14.4625
-0.162803704826226,14.465
-0.17337467357002,14.4675
-0.195867122270772,14.47
-0.219779604002835,14.4725
-0.233577585755504,14.475
-0.239888848038275,14.4775
-0.245344023258263,14.48
-0.245656314176444,14.4825
-0.235127319854377,14.485
-0.223513065870775,14.4875
-0.226259757087169,14.49
-0.240779832328003,14.4925
-0.249148678666422,14.495
-0.243839657288677,14.4975
-0.233872873281463,14.5
-0.224189623726253,14.5025
-0.207745715240434,14.505
-0.184092054242339,14.5075
-0.16762562033454,14.51
-0.166160846349012,14.5125
-0.165783609492413,14.515
-0.15091277816865,14.5175
-0.128301159521689,14.52
-0.114800311974852,14.5225
-0.108822574723572,14.525
-0.093664317721309,14.5275
-0.068658910252787,14.53
-0.0569038526264266,14.5325
-0.0739654816269413,14.535
-0.104050970961482,14.5375
-0.119945578558276,14.54
-0.116735485756354,14.5425
-0.110203744141221,14.545
-0.106351148761736,14.5475
-0.0908779123040965,14.55
-0.0533116019021125,14.5525
-0.00668682081304168,14.555
0.0269469983168789,14.5575
0.0419251673002092,14.56
0.0488221709904337,14.5625
0.053622915004856,14.565
0.0491861680745992,14.5675
0.0289070465822124,14.57
0.000119399282452311,14.5725
-0.0210234521460558,14.575
-0.0250735009942159,14.5775
-0.0168447542658428,14.58
-0.00875570938115749,14.5825
-0.00842744927299958,14.585
-0.0129454058429192,14.5875
-0.0149600674193478,14.59
-0.0134245730885754,14.5925
-0.0159436110093094,14.595
-0.029006509788381,14.5975
-0.0477201158232776,14.6
-0.0586343916219838,14.6025
-0.053895203913735,14.605
-0.040515056601652,14.6075
-0.0328216580020006,14.61
-0.0353752997641559,14.6125
-0.0365645778681247,14.615
-0.0226942560718339,14.6175
0.00327948354252841,14.62
0.0237207995461725,14.6225
0.0291736888499836,14.625
0.031400089014715,14.6275
0.0461886083603534,14.63
0.0692451354241923,14.6325
0.0814198487358171,14.635
0.076760341000307,14.6375
0.0713347416779413,14.64
0.0796997881314601,14.6425
0.0955529683759815,14.645
0.105088415435368,14.6475
0.109812952084539,14.65
0.122968547870699,14.6525
0.146910113547085,14.655
0.166601724749785,14.6575
0.167317835569502,14.66
0.150623131085414,14.6625
0.130240675689319,14.665
0.117505818230647,14.6675
0.113485352295463,14.67
0.112229196386202,14.6725
0.109441985420014,14.675
0.1080757023062,14.6775
0.114178110522504,14.68
0.126588346194291,14.6825
0.135012950099468,14.685
0.132642518010813,14.6875
0.126866630588787,14.69
0.130087215215123,14.6925
0.141522133181842,14.695
0.147332646112841,14.6975
0.13975421606349,14.7
0.125570219837888,14.7025
0.111666508439168,14.705
0.0940774913817566,14.7075
0.0703313916869475,14.71
0.0520028118651014,14.7125
0.0510511751311733,14.715
0.060060593789193,14.7175
0.0618323351610831,14.72
0.0555406343003266,14.7225
0.055700944874933,14.725
0.0642400559103662,14.7275
0.0633790925254021,14.73
0.0444762414047631,14.7325
0.0264323798175196,14.735
0.030832022692923,14.7375
0.0505445235466572,14.74
0.0605636126391753,14.7425
0.0540676093480013,14.745
0.0484878491158132,14.7475
0.0546836837290804,14.75
0.0586122140720335,14.7525
0.043077404954879,14.755
0.0152157001119076,14.7575
-0.00200197912875872,14.76
-0.00158169220500352,14.7625
-0.00119659012265321,14.765
-0.0164850962972202,14.7675
-0.037707680071551,14.77
-0.0435472993681643,14.7725
-0.032136708321444,14.775
-0.0239045476148063,14.7775
-0.0317850376803298,14.78
-0.0431762510565701,14.7825
-0.0410303239504047,14.785
-0.0318235439957132,14.7875
-0.036885771583246,14.79
-0.0600851642535793,14.7925
-0.081851167563446,14.795
-0.0881367061106266,14.7975
-0.0885210110043592,14.8
-0.0967380512722384,14.8025
-0.107383449377665,14.805
-0.106222581502769,14.8075
-0.0946676324462344,14.81
-0.0868118285563941,14.8125
-0.0855634108921569,14.815
-0.080488219404173,14.8175
-0.0718783626245361,14.82
-0.077266260567226,14.8225
-0.103170353905639,14.825
-0.126772409655362,14.8275
-0.123585828515928,14.83
-0.102955340505558,14.8325
-0.0934797641326404,14.835
-0.0970052811775259,14.8375
-0.0845665471156939,14.84
-0.0450718923159725,14.8425
-0.010283345485031,14.845
-0.0118596474788503,14.8475
-0.0347714777337441,14.85
-0.0415804325947231,14.8525
-0.0306106563651346,14.855
-0.0352949649532202,14.8575
-0.065759940706312,14.86
-0.08783225608323,14.8625
-0.0749936940702912,14.865
-0.0501450835417943,14.8675
-0.0493039539714581,14.87
-0.0652408211026089,14.8725
-0.061859609783136,14.875
-0.035969451878116,14.8775
-0.0259315697755558,14.88
-0.0512766204402616,14.8825
-0.0784289980773631,14.885
-0.0678543261516598,14.8875
-0.0309833560714072,14.89
-0.010898680433927,14.8925
-0.0181237300005329,14.895
-0.0181147959041694,14.8975
0.014391024155456,14.9
0.0566094228893993,14.9025
0.0684006555225492,14.905
0.045225407337777,14.9075
0.020788927160688,14.91
0.0209780207324421,14.9125
0.0329788987967973,14.915
0.026831866244643,14.9175
-0.00236820471565079,14.92
-0.0260904150900317,14.9225
-0.0174502193984938,14.925
0.0148304850689453,14.9275
0.0368982750887804,14.93
0.0320123487886098,14.9325
0.01992244377216,14.935
0.0274973031089641,14.9375
0.0503878691627476,14.94
0.0587220468796391,14.9425
0.0387397669169324,14.945
0.0118184223895121,14.9475
0.00545999701399014,14.95
0.0189300865772903,14.9525
0.030165685436192,14.955
0.0288999894955174,14.9575
0.0274946587845946,14.96
0.0393526973388691,14.9625
0.0600849629401591,14.965
0.0748156628021066,14.9675
0.0754924166274968,14.97
0.0657726239072886,14.9725
0.0546379320705691,14.975
0.0495528784426035,14.9775
0.0513202670216501,14.98
0.0527182119136156,14.9825
0.047332660621455,14.985
0.0411908681841345,14.9875
0.0467426771223306,14.99
0.0613583101348001,14.9925
0.0638593350570922,14.995
0.042712574906029,14.9975
0.0169125646162502,15
