-2.5,0.01
-1.92326490713587,0.02
-1.84995112414467,0.03
-1.77174975562072,0.04
-1.77663734115347,0.05
-2.5,0.06
-2.02101661779081,0.07
-2.06989247311828,0.08
-2.10899315738025,0.09
-2.13831867057673,0.1
-2.16764418377322,0.11
-2.17741935483871,0.12
-2.1871945259042,0.13
-2.1871945259042,0.14
-2.17741935483871,0.15
-2.15786901270772,0.16
-2.12854349951124,0.17
-2.09433040078201,0.18
-2.05034213098729,0.19
-1.92326490713587,0.2
-1.84995112414467,0.21
-1.77174975562072,0.22
-1.77663734115347,0.23
1.38563049853372,0.24
1.30254154447703,0.25
1.20967741935484,0.26
1.1119257086999,0.27
1.00928641251222,0.28
0.813782991202346,0.29
0.696480938416422,0.3
0.564516129032258,0.31
0.437438905180841,0.32
0.310361681329423,0.33
0.261485826001955,0.34
0.144183773216031,0.35
0.0219941348973607,0.36
-0.188172043010753,0.37
-0.329912023460411,0.38
-0.461876832844575,0.39
-0.598729227761486,0.4
-0.725806451612903,0.41
-0.852883675464321,0.42
-0.975073313782991,0.43
-1.00928641251222,0.44
-1.19990224828935,0.45
-1.31231671554252,0.46
-1.41984359726295,0.47
-1.51270772238514,0.48
-1.60557184750733,0.49
-1.69843597262952,0.5
-1.78641251221896,0.51
-1.85972629521017,0.52
-1.92815249266862,0.53
-1.98680351906158,0.54
-2.0405669599218,0.55
-2.08455522971652,0.56
-2.12365591397849,0.57
-2.14809384164223,0.58
-2.16764418377322,0.59
-2.18230694037146,0.6
-2.1871945259042,0.61
-2.18230694037146,0.62
-2.17253176930596,0.63
-2.06500488758553,0.64
-2.10410557184751,0.65
-2.06989247311828,0.66
-2.02590420332356,0.67
-1.97214076246334,0.68
-1.91348973607038,0.69
-1.84506353861193,0.7
-1.77174975562072,0.71
-1.69843597262952,0.72
-1.52737047898338,0.73
-1.4247311827957,0.74
-1.31231671554252,0.75
-1.19990224828935,0.76
-1.16568914956012,0.77
-1.04838709677419,0.78
-0.940860215053763,0.79
-0.813782991202346,0.8
-0.62316715542522,0.81
-0.491202346041056,0.82
-0.349462365591398,0.83
-0.22238514173998,0.84
-0.0855327468230693,0.85
0.0464320625610948,0.86
0.095307917888563,0.87
0.212609970674487,0.88
0.417888563049853,0.89
0.544965786901271,0.9
0.667155425219941,0.91
0.799120234604106,0.92
0.911534701857283,0.93
1.02394916911046,0.94
1.13147605083089,0.95
1.23411534701857,0.96
1.33186705767351,0.97
1.41984359726295,0.98
1.50782013685239,0.99
1.58602150537634,1
1.65933528836755,1.01
1.74731182795699,1.02
1.77663734115347,1.03
1.82551319648094,1.04
1.86950146627566,1.05
1.89882697947214,1.06
1.92326490713587,1.07
1.93792766373411,1.08
1.94770283479961,1.09
1.94770283479961,1.1
1.96236559139785,1.11
1.91348973607038,1.12
1.89393939393939,1.13
1.77663734115347,1.14
1.72287390029325,1.15
1.74731182795699,1.16
1.68866080156403,1.17
1.62512218963832,1.18
1.55669599217986,1.19
1.51270772238514,1.2
1.41006842619746,1.21
1.26344086021505,1.22
1.15102639296188,1.23
1.01417399804497,1.24
0.896871945259042,1.25
0.857771260997068,1.26
0.750244379276638,1.27
0.632942326490713,1.28
0.51564027370479,1.29
0.320136852394917,1.3
0.178396871945259,1.31
0.0464320625610948,1.32
-0.095307917888563,1.33
-0.227272727272727,1.34
-0.359237536656892,1.35
-0.491202346041056,1.36
-0.535190615835777,1.37
-0.735581622678397,1.38
-0.862658846529814,1.39
-0.984848484848485,1.4
-1.10215053763441,1.41
-1.21945259042033,1.42
-1.32697947214076,1.43
-1.43450635386119,1.44
-1.53225806451613,1.45
-1.62512218963832,1.46
-1.70821114369501,1.47
-1.79130009775171,1.48
-1.86950146627566,1.49
-1.92815249266862,1.5
-1.99657869012708,1.51
-2.04545454545455,1.52
-2.08944281524927,1.53
-2.12854349951124,1.54
-2.15298142717498,1.55
-2.09433040078201,1.56
-2.17741935483871,1.57
-2.18230694037146,1.58
-2.17741935483871,1.59
-2.16275659824047,1.6
-2.14320625610948,1.61
-2.113880742913,1.62
-2.07478005865103,1.63
-2.02590420332356,1.64
-1.97214076246334,1.65
-1.83040078201369,1.66
-1.74731182795699,1.67
-1.66422287390029,1.68
-1.6544477028348,1.69
-1.56647116324536,1.7
-1.47360703812317,1.71
-1.37096774193548,1.72
-1.2683284457478,1.73
-1.08748778103617,1.74
-0.960410557184751,1.75
-0.833333333333333,1.76
-0.701368523949169,1.77
-0.574291300097752,1.78
-0.437438905180841,1.79
-0.393450635386119,1.8
-0.271260997067449,1.81
-0.0708699902248289,1.82
0.0659824046920821,1.83
0.202834799608993,1.84
0.334799608993158,1.85
0.471652003910068,1.86
0.593841642228739,1.87
0.720918866080156,1.88
0.843108504398827,1.89
0.950635386119257,1.9
1.06304985337243,1.91
1.17057673509286,1.92
1.27810361681329,1.93
1.38074291300098,1.94
1.46871945259042,1.95
1.55669599217986,1.96
1.63000977517107,1.97
1.69843597262952,1.98
1.76197458455523,1.99
1.82062561094819,2
1.86461388074291,2.01
1.90860215053763,2.02
1.93792766373411,2.03
1.96236559139785,2.04
1.97702834799609,2.05
1.98191593352884,2.06
1.98680351906158,2.07
1.8841642228739,2.08
1.94281524926686,2.09
1.91837732160313,2.1
1.87927663734115,2.11
1.83528836754643,2.12
1.79130009775171,2.13
1.727761485826,2.14
1.66911045943304,2.15
1.51270772238514,2.16
1.41495601173021,2.17
1.32209188660802,2.18
1.30742913000978,2.19
1.20967741935484,2.2
1.11681329423265,2.21
1.00439882697947,2.22
0.896871945259042,2.23
0.696480938416422,2.24
0.559628543499511,2.25
0.432551319648094,2.26
0.295698924731183,2.27
0.163734115347018,2.28
0.11485826001955,2.29
-0.00733137829912023,2.3
-0.20772238514174,2.31
-0.344574780058651,2.32
-0.481427174975562,2.33
-0.608504398826979,2.34
-0.740469208211144,2.35
-0.867546432062561,2.36
-0.989736070381232,2.37
-1.10703812316716,2.38
-1.14125122189638,2.39
-1.32697947214076,2.4
-1.43450635386119,2.41
-1.53714565004888,2.42
-1.63000977517107,2.43
-1.71798631476051,2.44
-1.8010752688172,2.45
-1.87438905180841,2.46
-1.93792766373412,2.47
-1.99657869012708,2.48
-2.05034213098729,2.49
-2.09433040078201,2.5
-2.12854349951124,2.51
-2.15298142717498,2.52
-2.17253176930596,2.53
-2.18230694037146,2.54
-2.18230694037146,2.55
-2.17741935483871,2.56
-2.16275659824047,2.57
-2.14320625610948,2.58
-2.02590420332356,2.59
-1.97702834799609,2.6
-2.00146627565982,2.61
-1.94770283479961,2.62
-1.8841642228739,2.63
-1.81573802541544,2.64
-1.7375366568915,2.65
-1.65933528836755,2.66
-1.5713587487781,2.67
-1.38563049853372,2.68
-1.27810361681329,2.69
-1.16080156402737,2.7
-1.04349951124145,2.71
-1.00928641251222,2.72
-0.896871945259042,2.73
-0.779569892473118,2.74
-0.579178885630498,2.75
-0.442326490713588,2.76
-0.30058651026393,2.77
-0.163734115347018,2.78
-0.0317693059628543,2.79
0.105083088954057,2.8
0.237047898338221,2.81
0.285923753665689,2.82
0.481427174975562,2.83
0.613391984359726,2.84
0.735581622678397,2.85
0.857771260997068,2.86
0.975073313782991,2.87
1.08260019550342,2.88
1.19012707722385,2.89
1.29765395894428,2.9
1.39540566959922,2.91
1.48338220918866,2.92
1.56647116324536,2.93
1.64956011730205,2.94
1.70821114369501,2.95
1.77174975562072,2.96
1.83040078201368,2.97
1.87438905180841,2.98
1.91837732160313,2.99
1.94770283479961,3
1.9672531769306,3.01
1.97702834799609,3.02
1.98191593352884,3.03
1.98191593352884,3.04
1.97214076246334,3.05
1.95259042033236,3.06
1.92326490713587,3.07
1.8841642228739,3.08
1.75708699902248,3.09
1.69354838709677,3.1
1.70821114369501,3.11
1.64956011730205,3.12
1.5713587487781,3.13
1.49315738025415,3.14
1.41006842619746,3.15
1.31231671554252,3.16
1.13147605083089,3.17
1.00928641251222,3.18
0.896871945259042,3.19
0.774682306940372,3.2
0.735581622678397,3.21
0.618279569892473,3.22
0.500977517106549,3.23
0.378787878787879,3.24
0.163734115347018,3.25
0.0317693059628543,3.26
-0.105083088954057,3.27
-0.237047898338221,3.28
-0.369012707722385,3.29
-0.500977517106549,3.3
-0.554740957966764,3.31
-0.676930596285435,3.32
-0.877321603128055,3.33
-1.00439882697947,3.34
-1.1217008797654,3.35
-1.23900293255132,3.36
-1.3514173998045,3.37
-1.45405669599218,3.38
-1.55669599217986,3.39
-1.64467253176931,3.4
-1.73264907135875,3.41
-1.8108504398827,3.42
-1.8841642228739,3.43
-1.94770283479961,3.44
-2.00635386119257,3.45
-2.05522971652004,3.46
-2.09921798631476,3.47
-2.13343108504399,3.48
-2.15786901270772,3.49
-2.17741935483871,3.5
-2.17741935483871,3.51
-2.18230694037146,3.52
-2.16764418377322,3.53
-2.14809384164223,3.54
-2.12365591397849,3.55
-2.09433040078201,3.56
-2.05522971652004,3.57
-2.00635386119257,3.58
-1.94770283479961,3.59
-1.88905180840665,3.6
-1.727761485826,3.61
-1.64467253176931,3.62
-1.62512218963832,3.63
-1.53714565004888,3.64
-1.44428152492669,3.65
-1.341642228739,3.66
-1.23900293255132,3.67
-1.13147605083089,3.68
-0.93108504398827,3.69
-0.799120234604106,3.7
-0.667155425219941,3.71
-0.535190615835777,3.72
-0.398338220918866,3.73
-0.349462365591398,3.74
-0.22238514173998,3.75
-0.105083088954057,3.76
0.109970674486803,3.77
0.246823069403714,3.78
0.373900293255132,3.79
0.510752688172043,3.8
0.63782991202346,3.81
0.755131964809384,3.82
0.872434017595308,3.83
0.906647116324536,3.84
1.09237536656891,3.85
1.19990224828934,3.86
1.30742913000978,3.87
1.40518084066471,3.88
1.49315738025415,3.89
1.5811339198436,3.9
1.6544477028348,3.91
1.71798631476051,3.92
1.78641251221896,3.93
1.83528836754643,3.94
1.8841642228739,3.95
1.92326490713587,3.96
1.95259042033236,3.97
1.97214076246334,3.98
1.98191593352884,3.99
1.98680351906158,4
1.98680351906158,4.01
1.8841642228739,4.02
1.94281524926686,4.03
1.91348973607038,4.04
1.87438905180841,4.05
1.82062561094819,4.06
1.77174975562072,4.07
1.71309872922776,4.08
1.64467253176931,4.09
1.49315738025415,4.1
1.39540566959922,4.11
1.29276637341153,4.12
1.27810361681329,4.13
1.17057673509286,4.14
1.07282502443793,4.15
0.970185728250244,4.16
0.862658846529814,4.17
0.662267839687194,4.18
0.53030303030303,4.19
0.403225806451613,4.2
0.266373411534702,4.21
0.134408602150538,4.22
0.0806451612903225,4.23
-0.0464320625610948,4.24
-0.168621700879765,4.25
-0.378787878787879,4.26
-0.51564027370479,4.27
-0.652492668621701,4.28
-0.779569892473118,4.29
-0.906647116324536,4.3
-1.02883675464321,4.31
-1.14125122189638,4.32
-1.18035190615836,4.33
-1.36119257086999,4.34
-1.46871945259042,4.35
-1.56647116324536,4.36
-1.65933528836755,4.37
-1.74242424242424,4.38
-1.82062561094819,4.39
-1.89393939393939,4.4
-1.9574780058651,4.41
-2.01612903225806,4.42
-2.06011730205279,4.43
-2.10410557184751,4.44
-2.13831867057673,4.45
-2.15786901270772,4.46
-2.17253176930596,4.47
-2.18230694037146,4.48
-2.17741935483871,4.49
-2.17253176930596,4.5
-2.15298142717498,4.51
-2.12854349951124,4.52
-2.02101661779081,4.53
-1.9672531769306,4.54
-1.98191593352884,4.55
-1.92815249266862,4.56
-1.86461388074291,4.57
-1.79618768328446,4.58
-1.71798631476051,4.59
-1.63489736070381,4.6
-1.54692082111437,4.61
-1.36119257086999,4.62
-1.24877810361681,4.63
-1.12658846529814,4.64
-1.00928641251222,4.65
-0.965298142717498,4.66
-0.847996089931574,4.67
-0.73069403714565,4.68
-0.608504398826979,4.69
-0.403225806451613,4.7
-0.266373411534702,4.71
-0.129521016617791,4.72
0.00244379276637341,4.73
0.144183773216031,4.74
0.271260997067449,4.75
0.325024437927664,4.76
0.442326490713588,4.77
0.63782991202346,4.78
0.764907135874878,4.79
0.887096774193548,4.8
1.00439882697947,4.81
1.11681329423265,4.82
1.22434017595308,4.83
1.32697947214076,4.84
1.41984359726295,4.85
1.50782013685239,4.86
1.58602150537634,4.87
1.66422287390029,4.88
1.73264907135875,4.89
1.78641251221896,4.9
1.84995112414467,4.91
1.88905180840665,4.92
1.92815249266862,4.93
1.95259042033236,4.94
1.9672531769306,4.95
1.98191593352884,4.96
1.98191593352884,4.97
1.98191593352884,4.98
1.9672531769306,4.99
1.94281524926686,5
1.91348973607038,5.01
1.86950146627566,5.02
1.74242424242424,5.03
1.67888563049853,5.04
1.68377321603128,5.05
1.62023460410557,5.06
1.54692082111437,5.07
1.45894428152493,5.08
1.38074291300098,5.09
1.28787878787879,5.1
1.10215053763441,5.11
0.989736070381232,5.12
0.867546432062561,5.13
0.74535679374389,5.14
0.701368523949169,5.15
0.584066471163245,5.16
0.461876832844575,5.17
0.339687194525904,5.18
0.129521016617791,5.19
-0.00733137829912023,5.2
-0.139296187683284,5.21
-0.276148582600196,5.22
-0.40811339198436,5.23
-0.544965786901271,5.24
-0.676930596285435,5.25
-0.71603128054741,5.26
-0.911534701857283,5.27
-1.03372434017595,5.28
-1.15591397849462,5.29
-1.2683284457478,5.3
-1.38074291300098,5.31
-1.48338220918866,5.32
-1.5811339198436,5.33
-1.66911045943304,5.34
-1.75219941348974,5.35
-1.83040078201369,5.36
-1.90371456500489,5.37
-1.96236559139785,5.38
-2.02101661779081,5.39
-2.06500488758553,5.4
-2.10899315738025,5.41
-2.13831867057673,5.42
-2.16275659824047,5.43
-2.17741935483871,5.44
-2.1871945259042,5.45
-2.17741935483871,5.46
-2.16764418377322,5.47
-2.14320625610948,5.48
-2.11876832844575,5.49
-2.08455522971652,5.5
-2.04545454545455,5.51
-1.99169110459433,5.52
-1.93304007820137,5.53
-1.86950146627566,5.54
-1.71309872922776,5.55
-1.62023460410557,5.56
-1.52248289345064,5.57
-1.50293255131965,5.58
-1.40518084066471,5.59
-1.30254154447703,5.6
-1.19990224828935,5.61
-1.09237536656891,5.62
-0.891984359726295,5.63
-0.764907135874878,5.64
-0.632942326490714,5.65
-0.500977517106549,5.66
-0.369012707722385,5.67
-0.232160312805474,5.68
-0.188172043010753,5.69
-0.0708699902248289,5.7
0.144183773216031,5.71
0.281036168132943,5.72
0.413000977517107,5.73
0.544965786901271,5.74
0.672043010752688,5.75
0.789345063538612,5.76
0.911534701857283,5.77
1.02883675464321,5.78
1.12658846529814,5.79
1.23900293255132,5.8
1.341642228739,5.81
1.42961876832845,5.82
1.52737047898338,5.83
1.60068426197458,5.84
1.67399804496579,5.85
1.74731182795699,5.86
1.79618768328446,5.87
1.85483870967742,5.88
1.89393939393939,5.89
1.92815249266862,5.9
1.96236559139785,5.91
1.97214076246334,5.92
1.98680351906158,5.93
1.99169110459433,5.94
1.98680351906158,5.95
1.89393939393939,5.96
1.93304007820137,5.97
1.89393939393939,5.98
1.86461388074291,5.99
1.8108504398827,6
1.75708699902248,6.01
1.69354838709677,6.02
1.63000977517107,6.03
1.47360703812317,6.04
1.37585532746823,6.05
1.28299120234604,6.06
1.17057673509286,6.07
1.14613880742913,6.08
1.04349951124145,6.09
0.935972629521017,6.1
0.82355816226784,6.11
0.628054740957967,6.12
0.496089931573803,6.13
0.359237536656892,6.14
0.227272727272727,6.15
0.095307917888563,6.16
-0.041544477028348,6.17
-0.0904203323558161,6.18
-0.212609970674487,6.19
-0.413000977517107,6.2
-0.549853372434018,6.21
-0.681818181818182,6.22
-0.808895405669599,6.23
-0.935972629521017,6.24
-1.05327468230694,6.25
-1.17057673509286,6.26
-1.28787878787879,6.27
-1.39051808406647,6.28
-1.49315738025415,6.29
-1.59579667644184,6.3
-1.68377321603128,6.31
-1.76686217008798,6.32
-1.84506353861193,6.33
-1.91348973607038,6.34
-1.97214076246334,6.35
-2.0307917888563,6.36
-2.07478005865103,6.37
-2.113880742913,6.38
-2.14320625610948,6.39
-2.16275659824047,6.4
-2.17741935483871,6.41
-2.18230694037146,6.42
-2.17741935483871,6.43
-2.16764418377322,6.44
-2.14809384164223,6.45
-2.11876832844575,6.46
-2.08455522971652,6.47
-1.9574780058651,6.48
-1.89393939393939,6.49
-1.90371456500489,6.5
-1.83528836754643,6.51
-1.76686217008798,6.52
-1.68377321603128,6.53
-1.60068426197458,6.54
-1.51270772238514,6.55
-1.33675464320626,6.56
-1.21945259042033,6.57
-1.10215053763441,6.58
-0.979960899315738,6.59
-0.852883675464321,6.6
-0.813782991202346,6.61
-0.696480938416422,6.62
-0.574291300097752,6.63
-0.369012707722385,6.64
-0.227272727272727,6.65
-0.0904203323558161,6.66
0.041544477028348,6.67
0.178396871945259,6.68
0.310361681329423,6.69
0.437438905180841,6.7
0.486314760508309,6.71
0.681818181818182,6.72
0.808895405669599,6.73
0.921309872922776,6.74
1.0386119257087,6.75
1.15102639296188,6.76
1.24877810361681,6.77
1.35630498533724,6.78
1.44916911045943,6.79
1.53714565004888,6.8
1.61045943304008,6.81
1.68866080156403,6.82
1.75219941348974,6.83
1.8108504398827,6.84
1.85483870967742,6.85
1.89882697947214,6.86
1.93792766373411,6.87
1.9672531769306,6.88
1.89882697947214,6.89
1.98680351906158,6.9
1.98191593352884,6.91
1.97214076246334,6.92
1.96236559139785,6.93
1.93304007820137,6.94
1.90860215053763,6.95
1.86950146627566,6.96
1.81573802541544,6.97
1.67888563049853,6.98
1.59579667644184,6.99
1.60068426197458,7
1.52248289345064,7.01
1.43939393939394,7.02
1.3514173998045,7.03
1.25366568914956,7.04
1.07771260997067,7.05
0.955522971652004,7.06
0.83822091886608,7.07
0.711143695014663,7.08
0.584066471163245,7.09
0.540078201368524,7.1
0.4227761485826,7.11
0.30058651026393,7.12
0.10019550342131,7.13
-0.041544477028348,7.14
-0.173509286412512,7.15
-0.310361681329423,7.16
-0.437438905180841,7.17
-0.574291300097752,7.18
-0.706256109481916,7.19
-0.755131964809384,7.2
-0.94574780058651,7.21
-1.06793743890518,7.22
-1.19012707722385,7.23
-1.30254154447703,7.24
-1.41006842619746,7.25
-1.51270772238514,7.26
-1.60557184750733,7.27
-1.69843597262952,7.28
-1.77663734115347,7.29
-1.85483870967742,7.3
-1.92326490713587,7.31
-1.98191593352884,7.32
-2.03567937438905,7.33
-2.07966764418377,7.34
-2.11876832844575,7.35
-2.14809384164223,7.36
-2.16764418377322,7.37
-2.17741935483871,7.38
-2.1871945259042,7.39
-2.09921798631476,7.4
-2.15786901270772,7.41
-2.13831867057673,7.42
-2.10410557184751,7.43
-2.06500488758553,7.44
-2.02101661779081,7.45
-1.9672531769306,7.46
-1.90860215053763,7.47
-1.84506353861193,7.48
-1.77174975562072,7.49
-1.60557184750733,7.5
-1.50782013685239,7.51
-1.40029325513196,7.52
-1.38074291300098,7.53
-1.27321603128055,7.54
-1.17057673509286,7.55
-1.05327468230694,7.56
-0.940860215053763,7.57
-0.735581622678397,7.58
-0.598729227761486,7.59
-0.466764418377322,7.6
-0.329912023460411,7.61
-0.193059628543499,7.62
-0.134408602150538,7.63
-0.0171065493646139,7.64
0.109970674486803,7.65
0.31524926686217,7.66
0.442326490713588,7.67
0.579178885630498,7.68
0.706256109481916,7.69
0.82355816226784,7.7
0.940860215053763,7.71
1.05816226783969,7.72
1.07771260997067,7.73
1.26344086021505,7.74
1.36608015640274,7.75
1.45405669599218,7.76
1.54692082111437,7.77
1.62512218963832,7.78
1.69354838709677,7.79
1.75708699902248,7.8
1.8108504398827,7.81
1.78152492668622,7.82
1.90860215053763,7.83
1.93304007820137,7.84
1.9672531769306,7.85
1.98680351906158,7.86
1.98680351906158,7.87
1.99169110459433,7.88
1.97702834799609,7.89
1.96236559139785,7.9
1.84995112414467,7.91
1.88905180840665,7.92
1.84995112414467,7.93
1.79130009775171,7.94
1.7375366568915,7.95
1.66911045943304,7.96
1.60068426197458,7.97
1.52737047898338,7.98
1.3514173998045,7.99
1.25366568914956,8
1.15102639296188,8.01
1.10703812316716,8.02
1.00928641251222,8.03
0.896871945259042,8.04
0.784457478005865,8.05
0.676930596285435,8.06
0.466764418377322,8.07
0.339687194525904,8.08
0.202834799608993,8.09
0.0708699902248289,8.1
-0.0708699902248289,8.11
-0.202834799608993,8.12
-0.256598240469208,8.13
-0.373900293255132,8.14
-0.584066471163245,8.15
-0.720918866080156,8.16
-0.847996089931574,8.17
-0.970185728250244,8.18
-1.09237536656891,8.19
-1.20967741935484,8.2
-1.32209188660802,8.21
-1.4247311827957,8.22
-1.52248289345064,8.23
-1.62023460410557,8.24
-1.70821114369501,8.25
-1.78641251221896,8.26
-1.86461388074291,8.27
-1.93304007820137,8.28
-1.99169110459433,8.29
-2.04545454545455,8.3
-2.08944281524927,8.31
-2.04545454545455,8.32
-2.14809384164223,8.33
-2.16764418377322,8.34
-2.17741935483871,8.35
-2.18230694037146,8.36
-2.17741935483871,8.37
-2.15786901270772,8.38
-2.13831867057673,8.39
-2.10899315738025,8.4
-2.06989247311828,8.41
-2.02590420332356,8.42
-1.88905180840665,8.43
-1.81573802541544,8.44
-1.82062561094819,8.45
-1.74242424242424,8.46
-1.66422287390029,8.47
-1.57624633431085,8.48
-1.47849462365591,8.49
-1.38563049853372,8.5
-1.1950146627566,8.51
-1.07282502443793,8.52
-0.94574780058651,8.53
-0.82355816226784,8.54
-0.691593352883676,8.55
-0.647605083088954,8.56
-0.525415444770283,8.57
-0.403225806451613,8.58
-0.193059628543499,8.59
-0.0610948191593352,8.6
0.0806451612903225,8.61
0.20772238514174,8.62
0.339687194525904,8.63
0.471652003910068,8.64
0.593841642228739,8.65
0.63782991202346,8.66
0.828445747800587,8.67
0.955522971652004,8.68
1.07282502443793,8.69
1.17546432062561,8.7
1.28787878787879,8.71
1.37585532746823,8.72
1.46871945259042,8.73
1.55669599217986,8.74
1.63000977517107,8.75
1.70821114369501,8.76
1.77174975562072,8.77
1.82551319648094,8.78
1.87438905180841,8.79
1.90860215053763,8.8
1.94281524926686,8.81
1.9672531769306,8.82
1.98680351906158,8.83
1.91348973607038,8.84
1.98191593352884,8.85
1.97214076246334,8.86
1.9574780058651,8.87
1.92815249266862,8.88
1.88905180840665,8.89
1.84506353861193,8.9
1.79618768328446,8.91
1.65933528836755,8.92
1.5811339198436,8.93
1.4980449657869,8.94
1.49315738025415,8.95
1.41495601173021,8.96
1.31720430107527,8.97
1.22922776148583,8.98
1.1217008797654,8.99
0.935972629521017,9
0.818670576735093,9.01
0.691593352883675,9.02
0.564516129032258,9.03
0.432551319648094,9.04
0.378787878787879,9.05
0.261485826001955,9.06
0.134408602150538,9.07
-0.0757575757575757,9.08
-0.20772238514174,9.09
-0.344574780058651,9.1
-0.486314760508309,9.11
-0.613391984359726,9.12
-0.745356793743891,9.13
-0.867546432062561,9.14
-0.911534701857283,9.15
-1.10215053763441,9.16
-1.21456500488759,9.17
-1.33186705767351,9.18
-1.43450635386119,9.19
-1.53714565004888,9.2
-1.63000977517107,9.21
-1.71798631476051,9.22
-1.79618768328446,9.23
-1.87438905180841,9.24
-1.93792766373412,9.25
-1.99657869012708,9.26
-2.05034213098729,9.27
-2.08944281524927,9.28
-2.12365591397849,9.29
-2.15298142717498,9.3
-2.17253176930596,9.31
-2.18230694037146,9.32
-2.1871945259042,9.33
-2.17741935483871,9.34
-2.08455522971652,9.35
-2.05034213098729,9.36
-2.09433040078201,9.37
-2.05522971652004,9.38
-2.01124144672532,9.39
-1.95259042033236,9.4
-1.89393939393939,9.41
-1.82062561094819,9.42
-1.74731182795699,9.43
-1.5811339198436,9.44
-1.48338220918866,9.45
-1.37585532746823,9.46
-1.26344086021505,9.47
-1.23411534701857,9.48
-1.12658846529814,9.49
-1.01417399804497,9.5
-0.901759530791789,9.51
-0.701368523949169,9.52
-0.569403714565005,9.53
-0.432551319648094,9.54
-0.30058651026393,9.55
-0.163734115347018,9.56
-0.0317693059628543,9.57
0.0268817204301075,9.58
0.144183773216031,9.59
0.354349951124145,9.6
0.481427174975562,9.61
0.608504398826979,9.62
0.740469208211143,9.63
0.857771260997068,9.64
0.975073313782991,9.65
1.08748778103617,9.66
1.1950146627566,9.67
1.29765395894428,9.68
1.39051808406647,9.69
1.48826979472141,9.7
1.56647116324536,9.71
1.63978494623656,9.72
1.70821114369501,9.73
1.78152492668622,9.74
1.83528836754643,9.75
1.8841642228739,9.76
1.91348973607038,9.77
1.94281524926686,9.78
1.9672531769306,9.79
1.98680351906158,9.8
1.98191593352884,9.81
1.99169110459433,9.82
1.97702834799609,9.83
1.9574780058651,9.84
1.84506353861193,9.85
1.79618768328446,9.86
1.82551319648094,9.87
1.77174975562072,9.88
1.71798631476051,9.89
1.6544477028348,9.9
1.57624633431085,9.91
1.50293255131965,9.92
1.41984359726295,9.93
1.23411534701857,9.94
1.12658846529814,9.95
1.00928641251222,9.96
0.970185728250244,9.97
0.867546432062561,9.98
0.74535679374389,9.99
0.632942326490713,10
0.432551319648094,10.01
0.295698924731183,10.02
0.163734115347018,10.03
0.0268817204301075,10.04
-0.105083088954057,10.05
-0.241935483870968,10.06
-0.378787878787879,10.07
-0.417888563049853,10.08
-0.618279569892473,10.09
-0.750244379276637,10.1
-0.877321603128055,10.11
-0.999511241446725,10.12
-1.1217008797654,10.13
-1.23411534701857,10.14
-1.34652981427175,10.15
-1.45405669599218,10.16
-1.47360703812317,10.17
-1.64467253176931,10.18
-1.727761485826,10.19
-1.8108504398827,10.2
-1.8841642228739,10.21
-1.94770283479961,10.22
-2.00635386119257,10.23
-2.05522971652004,10.24
-2.09921798631476,10.25
-2.13343108504399,10.26
-2.15298142717498,10.27
-2.17253176930596,10.28
-2.18230694037146,10.29
-2.18230694037146,10.3
-2.17741935483871,10.31
-2.15786901270772,10.32
-2.12854349951124,10.33
-2.09921798631476,10.34
-2.05522971652004,10.35
-2.00635386119257,10.36
-1.87438905180841,10.37
-1.79618768328446,10.38
-1.71309872922776,10.39
-1.71309872922776,10.4
-1.63000977517107,10.41
-1.54203323558162,10.42
-1.44916911045943,10.43
-1.3514173998045,10.44
-1.17057673509286,10.45
-1.04349951124145,10.46
-0.921309872922776,10.47
-0.794232649071359,10.48
-0.667155425219941,10.49
-0.613391984359726,10.5
-0.491202346041056,10.51
-0.364125122189638,10.52
-0.163734115347018,10.53
-0.0219941348973607,10.54
0.11485826001955,10.55
0.251710654936462,10.56
0.378787878787879,10.57
0.510752688172043,10.58
0.632942326490713,10.59
0.681818181818182,10.6
0.872434017595308,10.61
0.984848484848485,10.62
1.10215053763441,10.63
1.20478983382209,10.64
1.30742913000978,10.65
1.41006842619746,10.66
1.49315738025415,10.67
1.57624633431085,10.68
1.6544477028348,10.69
1.72287390029325,10.7
1.78641251221896,10.71
1.83528836754643,10.72
1.8841642228739,10.73
1.91837732160313,10.74
1.94770283479961,10.75
1.97702834799609,10.76
1.98191593352884,10.77
1.99657869012708,10.78
1.98191593352884,10.79
1.96236559139785,10.8
1.94770283479961,10.81
1.92326490713587,10.82
1.87927663734115,10.83
1.83528836754643,10.84
1.78641251221896,10.85
1.727761485826,10.86
1.57624633431085,10.87
1.48338220918866,10.88
1.46871945259042,10.89
1.38074291300098,10.9
1.28787878787879,10.91
1.19012707722385,10.92
1.09237536656891,10.93
0.979960899315738,10.94
0.779569892473118,10.95
0.652492668621701,10.96
0.525415444770283,10.97
0.393450635386119,10.98
0.261485826001955,10.99
0.217497556207233,11
0.095307917888563,11.01
-0.109970674486803,11.02
-0.241935483870968,11.03
-0.378787878787879,11.04
-0.510752688172043,11.05
-0.642717497556207,11.06
-0.774682306940371,11.07
-0.901759530791789,11.08
-1.02394916911046,11.09
-1.13636363636364,11.1
-1.24877810361681,11.11
-1.36119257086999,11.12
-1.46871945259042,11.13
-1.56647116324536,11.14
-1.6544477028348,11.15
-1.74242424242424,11.16
-1.82062561094819,11.17
-1.89393939393939,11.18
-1.9574780058651,11.19
-2.01124144672532,11.2
-2.06011730205279,11.21
-2.10410557184751,11.22
-2.13831867057673,11.23
-2.16275659824047,11.24
-2.17741935483871,11.25
-2.18230694037146,11.26
-2.18230694037146,11.27
-2.17253176930596,11.28
-2.15298142717498,11.29
-2.04545454545455,11.3
-2.07966764418377,11.31
-2.0405669599218,11.32
-1.98680351906158,11.33
-1.93304007820137,11.34
-1.86950146627566,11.35
-1.8010752688172,11.36
-1.71798631476051,11.37
-1.63978494623656,11.38
-1.46383186705767,11.39
-1.35630498533724,11.4
-1.24389051808407,11.41
-1.20478983382209,11.42
-1.09237536656891,11.43
-0.979960899315738,11.44
-0.862658846529814,11.45
-0.667155425219941,11.46
-0.53030303030303,11.47
-0.393450635386119,11.48
-0.256598240469208,11.49
-0.124633431085044,11.5
0.012218963831867,11.51
0.149071358748778,11.52
0.193059628543499,11.53
0.393450635386119,11.54
0.520527859237537,11.55
0.647605083088954,11.56
0.769794721407625,11.57
0.887096774193548,11.58
1.00439882697947,11.59
1.11681329423265,11.6
1.22434017595308,11.61
1.32697947214076,11.62
1.41984359726295,11.63
1.50293255131965,11.64
1.59090909090909,11.65
1.66911045943304,11.66
1.727761485826,11.67
1.79618768328446,11.68
1.84506353861193,11.69
1.89393939393939,11.7
1.85483870967742,11.71
1.94770283479961,11.72
1.97214076246334,11.73
1.99169110459433,11.74
1.99169110459433,11.75
1.98680351906158,11.76
1.97214076246334,11.77
1.95259042033236,11.78
1.92815249266862,11.79
1.79130009775171,11.8
1.8108504398827,11.81
1.75219941348974,11.82
1.69843597262952,11.83
1.63000977517107,11.84
1.55180840664712,11.85
1.47360703812317,11.86
1.38563049853372,11.87
1.19990224828934,11.88
1.09237536656891,11.89
0.979960899315738,11.9
0.862658846529814,11.91
0.82355816226784,11.92
0.711143695014663,11.93
0.593841642228739,11.94
0.476539589442815,11.95
0.266373411534702,11.96
0.129521016617791,11.97
-0.00244379276637341,11.98
-0.139296187683284,11.99
-0.276148582600196,12
-0.413000977517107,12.01
-0.461876832844575,12.02
-0.584066471163245,12.03
-0.789345063538612,12.04
-0.916422287390029,12.05
-1.0386119257087,12.06
-1.15591397849462,12.07
-1.2683284457478,12.08
-1.37585532746823,12.09
-1.48338220918866,12.1
-1.5811339198436,12.11
-1.66911045943304,12.12
-1.75219941348974,12.13
-1.83040078201369,12.14
-1.90371456500489,12.15
-1.9672531769306,12.16
-2.02101661779081,12.17
-2.06989247311828,12.18
-2.10899315738025,12.19
-2.13831867057673,12.2
-2.16275659824047,12.21
-2.17253176930596,12.22
-2.17741935483871,12.23
-2.17741935483871,12.24
-2.16764418377322,12.25
-2.14809384164223,12.26
-2.11876832844575,12.27
-2.08455522971652,12.28
-2.04545454545455,12.29
-1.99169110459433,12.3
-1.93792766373412,12.31
-1.78641251221896,12.32
-1.70332355816227,12.33
-1.69354838709677,12.34
-1.60557184750733,12.35
-1.51270772238514,12.36
-1.41495601173021,12.37
-1.31231671554252,12.38
-1.20967741935484,12.39
-1.01417399804497,12.4
-0.887096774193548,12.41
-0.760019550342131,12.42
-0.628054740957967,12.43
-0.491202346041056,12.44
-0.442326490713588,12.45
-0.320136852394917,12.46
-0.197947214076246,12.47
0.012218963831867,12.48
0.149071358748778,12.49
0.276148582600196,12.5
0.413000977517107,12.51
0.540078201368524,12.52
0.662267839687194,12.53
0.789345063538612,12.54
0.82355816226784,12.55
1.01417399804497,12.56
1.12658846529814,12.57
1.23900293255132,12.58
1.341642228739,12.59
1.43450635386119,12.6
1.52248289345064,12.61
1.60068426197458,12.62
1.67399804496579,12.63
1.74242424242424,12.64
1.79618768328446,12.65
1.85483870967742,12.66
1.89882697947214,12.67
1.92815249266862,12.68
1.96236559139785,12.69
1.98191593352884,12.7
1.99169110459433,12.71
1.99169110459433,12.72
1.90371456500489,12.73
1.9574780058651,12.74
1.93304007820137,12.75
1.90371456500489,12.76
1.86461388074291,12.77
1.81573802541544,12.78
1.76197458455523,12.79
1.69843597262952,12.8
1.54692082111437,12.81
1.45894428152493,12.82
1.36608015640274,12.83
1.34652981427175,12.84
1.25855327468231,12.85
1.16080156402737,12.86
1.05327468230694,12.87
0.950635386119257,12.88
0.760019550342131,12.89
0.628054740957967,12.9
0.500977517106549,12.91
0.364125122189638,12.92
0.232160312805474,12.93
0.095307917888563,12.94
0.0513196480938416,12.95
-0.0806451612903225,12.96
-0.281036168132943,12.97
-0.417888563049853,12.98
-0.554740957966764,12.99
-0.681818181818182,13
-0.813782991202346,13.01
-0.940860215053763,13.02
-1.05327468230694,13.03
-1.17546432062561,13.04
-1.27810361681329,13.05
-1.39051808406647,13.06
-1.49315738025415,13.07
-1.59090909090909,13.08
-1.67888563049853,13.09
-1.76686217008798,13.1
-1.84017595307918,13.11
-1.90860215053763,13.12
-1.97214076246334,13.13
-2.02590420332356,13.14
-2.07478005865103,13.15
-2.113880742913,13.16
-2.14320625610948,13.17
-2.16275659824047,13.18
-2.17741935483871,13.19
-2.18230694037146,13.2
-2.18230694037146,13.21
-2.17253176930596,13.22
-2.15298142717498,13.23
-2.12365591397849,13.24
-2.00146627565982,13.25
-2.02590420332356,13.26
-1.97214076246334,13.27
-1.91348973607038,13.28
-1.84506353861193,13.29
-1.77174975562072,13.3
-1.69354838709677,13.31
-1.61045943304008,13.32
-1.43450635386119,13.33
-1.32697947214076,13.34
-1.20967741935484,13.35
-1.08748778103617,13.36
-1.05327468230694,13.37
-0.935972629521017,13.38
-0.82355816226784,13.39
-0.706256109481916,13.4
-0.500977517106549,13.41
-0.364125122189638,13.42
-0.227272727272727,13.43
-0.095307917888563,13.44
0.041544477028348,13.45
0.173509286412512,13.46
0.310361681329423,13.47
0.354349951124145,13.48
0.554740957966764,13.49
0.686705767350928,13.5
0.808895405669599,13.51
0.926197458455523,13.52
1.04349951124145,13.53
1.15591397849462,13.54
1.24877810361681,13.55
1.3514173998045,13.56
1.44428152492669,13.57
1.53714565004888,13.58
1.61045943304008,13.59
1.68377321603128,13.6
1.74731182795699,13.61
1.80596285434995,13.62
1.85972629521017,13.63
1.90371456500489,13.64
1.94281524926686,13.65
1.96236559139785,13.66
1.98191593352884,13.67
1.99169110459433,13.68
1.98191593352884,13.69
1.98191593352884,13.7
1.9574780058651,13.71
1.93792766373411,13.72
1.90860215053763,13.73
1.78641251221896,13.74
1.727761485826,13.75
1.7375366568915,13.76
1.67888563049853,13.77
1.60557184750733,13.78
1.53225806451613,13.79
1.44916911045943,13.8
1.36119257086999,13.81
1.1852394916911,13.82
1.06793743890518,13.83
0.950635386119257,13.84
0.833333333333333,13.85
0.711143695014663,13.86
0.667155425219941,13.87
0.554740957966764,13.88
0.432551319648094,13.89
0.227272727272727,13.9
0.0904203323558161,13.91
-0.041544477028348,13.92
-0.178396871945259,13.93
-0.31524926686217,13.94
-0.442326490713588,13.95
-0.579178885630498,13.96
-0.62316715542522,13.97
-0.82355816226784,13.98
-0.94574780058651,13.99
-1.06793743890518,14
-1.1852394916911,14.01
-1.30254154447703,14.02
-1.41006842619746,14.03
-1.50782013685239,14.04
-1.60557184750733,14.05
-1.69354838709677,14.06
-1.77663734115347,14.07
-1.84995112414467,14.08
-1.92326490713587,14.09
-1.98191593352884,14.1
-2.03567937438905,14.11
-2.07966764418377,14.12
-2.11876832844575,14.13
-2.14809384164223,14.14
-2.17253176930596,14.15
-2.18230694037146,14.16
-2.18230694037146,14.17
-2.17741935483871,14.18
-2.16275659824047,14.19
-2.13831867057673,14.2
-2.10899315738025,14.21
-2.06989247311828,14.22
-2.02101661779081,14.23
-1.97214076246334,14.24
-1.91348973607038,14.25
-1.77174975562072,14.26
-1.68377321603128,14.27
-1.59090909090909,14.28
-1.5713587487781,14.29
-1.48338220918866,14.3
-1.38563049853372,14.31
-1.28299120234604,14.32
-1.17546432062561,14.33
-1.06793743890518,14.34
-0.862658846529814,14.35
-0.735581622678397,14.36
-0.603616813294233,14.37
-0.466764418377322,14.38
-0.329912023460411,14.39
-0.276148582600196,14.4
-0.153958944281525,14.41
0.0513196480938416,14.42
0.183284457478006,14.43
0.31524926686217,14.44
0.447214076246334,14.45
0.574291300097752,14.46
0.706256109481916,14.47
0.828445747800587,14.48
0.94574780058651,14.49
0.970185728250244,14.5
1.15591397849462,14.51
1.25855327468231,14.52
1.36608015640274,14.53
1.45894428152493,14.54
1.54692082111437,14.55
1.62512218963832,14.56
1.69843597262952,14.57
1.75708699902248,14.58
1.81573802541544,14.59
1.86461388074291,14.6
1.90860215053763,14.61
1.94281524926686,14.62
1.9672531769306,14.63
1.98191593352884,14.64
1.99169110459433,14.65
1.98680351906158,14.66
1.98191593352884,14.67
1.87438905180841,14.68
1.92326490713587,14.69
1.89393939393939,14.7
1.84995112414467,14.71
1.80596285434995,14.72
1.74731182795699,14.73
1.68377321603128,14.74
1.61534701857282,14.75
1.44428152492669,14.76
1.3514173998045,14.77
1.24877810361681,14.78
1.21945259042033,14.79
1.1217008797654,14.8
1.01417399804497,14.81
0.901759530791789,14.82
0.799120234604106,14.83
0.593841642228739,14.84
0.461876832844575,14.85
0.329912023460411,14.86
0.197947214076246,14.87
0.0659824046920821,14.88
0.00733137829912023,14.89
-0.11485826001955,14.9
-0.237047898338221,14.91
-0.447214076246334,14.92
-0.584066471163245,14.93
-0.71603128054741,14.94
-0.843108504398827,14.95
-0.970185728250244,14.96
-1.09237536656891,14.97
-1.20967741935484,14.98
-1.23900293255132,14.99
-1.41984359726295,15
-1.52248289345064,15.01
-1.61534701857282,15.02
-1.70332355816227,15.03
-1.79130009775171,15.04
-1.86461388074291,15.05
-1.92815249266862,15.06
-1.99169110459433,15.07
-2.0405669599218,15.08
-2.08455522971652,15.09
-2.12365591397849,15.1
-2.14809384164223,15.11
-2.16764418377322,15.12
-2.18230694037146,15.13
-2.18230694037146,15.14
-2.17741935483871,15.15
-2.16275659824047,15.16
-2.13831867057673,15.17
-2.10899315738025,15.18
-1.99657869012708,15.19
-1.93792766373412,15.2
-1.95259042033236,15.21
-1.88905180840665,15.22
-1.82062561094819,15.23
-1.74731182795699,15.24
-1.66911045943304,15.25
-1.58602150537634,15.26
-1.49315738025415,15.27
-1.30742913000978,15.28
-1.19012707722385,15.29
-1.06793743890518,15.3
-0.940860215053763,15.31
-0.901759530791789,15.32
-0.784457478005865,15.33
-0.662267839687195,15.34
-0.540078201368524,15.35
-0.325024437927664,15.36
-0.188172043010753,15.37
-0.0513196480938416,15.38
0.0855327468230693,15.39
0.217497556207233,15.4
0.349462365591398,15.41
0.393450635386119,15.42
0.510752688172043,15.43
0.711143695014663,15.44
0.83822091886608,15.45
0.955522971652004,15.46
1.06304985337243,15.47
1.18035190615836,15.48
1.27810361681329,15.49
1.38074291300098,15.5
1.47360703812317,15.51
1.55669599217986,15.52
1.63978494623656,15.53
1.70821114369501,15.54
1.76686217008798,15.55
1.83040078201368,15.56
1.86950146627566,15.57
1.90860215053763,15.58
1.94770283479961,15.59
1.9672531769306,15.6
1.98191593352884,15.61
1.98680351906158,15.62
1.98191593352884,15.63
1.98191593352884,15.64
1.9574780058651,15.65
1.92815249266862,15.66
1.89882697947214,15.67
1.84995112414467,15.68
1.71798631476051,15.69
1.64467253176931,15.7
1.6544477028348,15.71
1.5811339198436,15.72
1.4980449657869,15.73
1.41495601173021,15.74
1.32209188660802,15.75
1.23411534701857,15.76
1.0386119257087,15.77
0.926197458455523,15.78
0.804007820136853,15.79
0.681818181818182,15.8
0.632942326490713,15.81
0.51564027370479,15.82
0.393450635386119,15.83
0.281036168132943,15.84
0.0659824046920821,15.85
-0.0757575757575757,15.86
-0.212609970674487,15.87
-0.349462365591398,15.88
-0.486314760508309,15.89
-0.618279569892473,15.9
-0.745356793743891,15.91
-0.779569892473118,15.92
-0.984848484848485,15.93
-1.10215053763441,15.94
-1.21945259042033,15.95
-1.33186705767351,15.96
-1.43450635386119,15.97
-1.53714565004888,15.98
-1.63000977517107,15.99
-1.71309872922776,16
-1.79618768328446,16.01
-1.87438905180841,16.02
-1.93792766373412,16.03
-2.00146627565982,16.04
-2.05034213098729,16.05
-2.08944281524927,16.06
-2.12365591397849,16.07
-2.15786901270772,16.08
-2.17253176930596,16.09
-2.18230694037146,16.1
-2.10410557184751,16.11
-2.16764418377322,16.12
-2.15298142717498,16.13
-2.12854349951124,16.14
-2.09921798631476,16.15
-2.06011730205279,16.16
-2.01124144672532,16.17
-1.9574780058651,16.18
-1.89882697947214,16.19
-1.83040078201369,16.2
-1.66911045943304,16.21
-1.57624633431085,16.22
-1.47360703812317,16.23
-1.44916911045943,16.24
-1.3514173998045,16.25
-1.24389051808407,16.26
-1.13636363636364,16.27
-1.02883675464321,16.28
-0.82355816226784,16.29
-0.691593352883676,16.3
-0.559628543499511,16.31
-0.427663734115347,16.32
-0.290811339198436,16.33
-0.232160312805474,16.34
-0.11485826001955,16.35
0.012218963831867,16.36
0.22238514173998,16.37
0.354349951124145,16.38
0.481427174975562,16.39
0.613391984359726,16.4
0.735581622678397,16.41
0.857771260997068,16.42
0.975073313782991,16.43
1.00439882697947,16.44
1.1950146627566,16.45
1.29765395894428,16.46
1.38563049853372,16.47
1.48338220918866,16.48
1.56158357771261,16.49
1.63978494623656,16.5
1.71798631476051,16.51
1.77174975562072,16.52
1.83528836754643,16.53
1.87438905180841,16.54
1.91837732160313,16.55
1.95259042033236,16.56
1.9672531769306,16.57
1.98680351906158,16.58
1.99169110459433,16.59
1.98680351906158,16.6
1.97702834799609,16.61
1.86950146627566,16.62
1.91837732160313,16.63
1.87438905180841,16.64
1.83040078201368,16.65
1.77663734115347,16.66
1.727761485826,16.67
1.65933528836755,16.68
1.58602150537634,16.69
1.41984359726295,16.7
1.32209188660802,16.71
1.21456500488759,16.72
1.1950146627566,16.73
1.09237536656891,16.74
0.989736070381232,16.75
0.882209188660802,16.76
0.769794721407625,16.77
0.564516129032258,16.78
0.427663734115347,16.79
0.295698924731183,16.8
0.158846529814272,16.81
0.0219941348973607,16.82
-0.109970674486803,16.83
-0.158846529814272,16.84
-0.281036168132943,16.85
-0.491202346041056,16.86
-0.62316715542522,16.87
-0.755131964809384,16.88
-0.882209188660802,16.89
-1.00439882697947,16.9
-1.1217008797654,16.91
-1.23900293255132,16.92
-1.34652981427175,16.93
-1.44916911045943,16.94
-1.54692082111437,16.95
-1.63978494623656,16.96
-1.73264907135875,16.97
-1.8108504398827,16.98
-1.87927663734115,16.99
-1.94770283479961,17
-2.00635386119257,17.01
-2.05522971652004,17.02
-2.09433040078201,17.03
-2.12854349951124,17.04
-2.15786901270772,17.05
-2.17253176930596,17.06
-2.18230694037146,17.07
-2.18230694037146,17.08
-2.17741935483871,17.09
-2.15786901270772,17.1
-2.13343108504399,17.11
-2.10410557184751,17.12
-2.06500488758553,17.13
-1.92815249266862,17.14
-1.85972629521017,17.15
-1.86950146627566,17.16
-1.79618768328446,17.17
-1.72287390029326,17.18
-1.63978494623656,17.19
-1.55180840664712,17.2
-1.45894428152493,17.21
-1.27321603128055,17.22
-1.15102639296188,17.23
-1.03372434017595,17.24
-0.906647116324536,17.25
-0.857771260997067,17.26
-0.745356793743891,17.27
-0.62316715542522,17.28
-0.500977517106549,17.29
-0.290811339198436,17.3
-0.153958944281525,17.31
-0.0219941348973607,17.32
0.119745845552297,17.33
0.246823069403714,17.34
0.378787878787879,17.35
0.510752688172043,17.36
0.559628543499511,17.37
0.755131964809384,17.38
0.872434017595308,17.39
0.989736070381232,17.4
1.10215053763441,17.41
1.20478983382209,17.42
1.31231671554252,17.43
1.41006842619746,17.44
1.50293255131965,17.45
1.57624633431085,17.46
1.65933528836755,17.47
1.72287390029325,17.48
1.78152492668622,17.49
1.84017595307918,17.5
1.87927663734115,17.51
1.91837732160313,17.52
1.9574780058651,17.53
1.97702834799609,17.54
1.98191593352884,17.55
1.98680351906158,17.56
1.97702834799609,17.57
1.9672531769306,17.58
1.94281524926686,17.59
1.91837732160313,17.6
1.8841642228739,17.61
1.83528836754643,17.62
1.70821114369501,17.63
1.63000977517107,17.64
1.63000977517107,17.65
1.55669599217986,17.66
1.48338220918866,17.67
1.39540566959922,17.68
1.29765395894428,17.69
1.20478983382209,17.7
1.01417399804497,17.71
0.891984359726295,17.72
0.774682306940372,17.73
0.642717497556207,17.74
0.520527859237537,17.75
0.471652003910068,17.76
0.349462365591398,17.77
0.232160312805474,17.78
0.0219941348973607,17.79
-0.11485826001955,17.8
-0.251710654936462,17.81
-0.388563049853373,17.82
-0.51564027370479,17.83
-0.647605083088954,17.84
-0.774682306940371,17.85
-0.818670576735093,17.86
-1.01417399804497,17.87
-1.13636363636364,17.88
-1.24877810361681,17.89
-1.36119257086999,17.9
-1.46383186705767,17.91
-1.56647116324536,17.92
-1.6544477028348,17.93
-1.74242424242424,17.94
-1.82062561094819,17.95
-1.89393939393939,17.96
-1.9574780058651,17.97
-2.01612903225806,17.98
-2.06011730205279,17.99
-2.10410557184751,18
-2.13343108504399,18.01
-2.15786901270772,18.02
-2.17741935483871,18.03
-2.1871945259042,18.04
-2.1871945259042,18.05
-2.09433040078201,18.06
-2.14809384164223,18.07
-2.11876832844575,18.08
-2.08455522971652,18.09
-2.04545454545455,18.1
-1.99169110459433,18.11
-1.93792766373412,18.12
-1.87438905180841,18.13
-1.8010752688172,18.14
-1.64467253176931,18.15
-1.55180840664712,18.16
-1.44916911045943,18.17
-1.341642228739,18.18
-1.31720430107527,18.19
-1.20967741935484,18.2
-1.10215053763441,18.21
-0.994623655913978,18.22
-0.799120234604106,18.23
-0.667155425219941,18.24
-0.53030303030303,18.25
-0.393450635386119,18.26
-0.256598240469208,18.27
-0.119745845552297,18.28
-0.0659824046920821,18.29
0.0562072336265884,18.3
0.256598240469208,18.31
0.393450635386119,18.32
0.525415444770283,18.33
0.652492668621701,18.34
0.774682306940372,18.35
0.891984359726295,18.36
1.00928641251222,18.37
1.1217008797654,18.38
1.21456500488759,18.39
1.32209188660802,18.4
1.41984359726295,18.41
1.50782013685239,18.42
1.59090909090909,18.43
1.65933528836755,18.44
1.7375366568915,18.45
1.79618768328446,18.46
1.84995112414467,18.47
1.89393939393939,18.48
1.92326490713587,18.49
1.9574780058651,18.5
1.97702834799609,18.51
1.98680351906158,18.52
1.98680351906158,18.53
1.94770283479961,18.54
1.93304007820137,18.55
1.94281524926686,18.56
1.82551319648094,18.57
1.87438905180841,18.58
1.82062561094819,18.59
1.77174975562072,18.6
1.71309872922776,18.61
1.63978494623656,18.62
1.56647116324536,18.63
1.41006842619746,18.64
1.30254154447703,18.65
1.19990224828934,18.66
1.08748778103617,18.67
1.05327468230694,18.68
0.94574780058651,18.69
0.83822091886608,18.7
0.720918866080156,18.71
0.525415444770283,18.72
0.393450635386119,18.73
0.261485826001955,18.74
0.129521016617791,18.75
-0.012218963831867,18.76
-0.144183773216031,18.77
-0.197947214076246,18.78
-0.320136852394917,18.79
-0.525415444770283,18.8
-0.662267839687195,18.81
-0.789345063538612,18.82
-0.911534701857283,18.83
-1.0386119257087,18.84
-1.15591397849462,18.85
-1.27321603128055,18.86
-1.38074291300098,18.87
-1.40518084066471,18.88
-1.57624633431085,18.89
-1.66911045943304,18.9
-1.75708699902248,18.91
-1.83040078201369,18.92
-1.90371456500489,18.93
-1.96236559139785,18.94
-2.02101661779081,18.95
-2.06500488758553,18.96
-2.10899315738025,18.97
-2.13831867057673,18.98
-2.15786901270772,18.99
-2.17253176930596,19
-2.17741935483871,19.01
-2.17741935483871,19.02
-2.16764418377322,19.03
-2.14809384164223,19.04
-2.11876832844575,19.05
-2.08944281524927,19.06
-2.04545454545455,19.07
-1.99657869012708,19.08
-1.84995112414467,19.09
-1.77174975562072,19.1
-1.77174975562072,19.11
-1.69843597262952,19.12
-1.61534701857282,19.13
-1.52248289345064,19.14
-1.42961876832845,19.15
-1.33186705767351,19.16
-1.13636363636364,19.17
-1.00928641251222,19.18
-0.882209188660802,19.19
-0.755131964809384,19.2
-0.696480938416422,19.21
-0.579178885630498,19.22
-0.456989247311828,19.23
-0.334799608993158,19.24
-0.119745845552297,19.25
0.0171065493646139,19.26
0.149071358748778,19.27
0.281036168132943,19.28
0.413000977517107,19.29
0.544965786901271,19.3
0.667155425219941,19.31
0.701368523949169,19.32
0.901759530791789,19.33
1.01906158357771,19.34
1.12658846529814,19.35
1.23411534701857,19.36
1.33675464320626,19.37
1.4247311827957,19.38
1.52248289345064,19.39
1.59579667644184,19.4
1.66911045943304,19.41
1.7375366568915,19.42
1.8010752688172,19.43
1.84995112414467,19.44
1.89393939393939,19.45
1.92815249266862,19.46
1.9574780058651,19.47
1.97702834799609,19.48
1.99169110459433,19.49
1.98191593352884,19.5
1.97702834799609,19.51
1.96236559139785,19.52
1.93792766373411,19.53
1.90371456500489,19.54
1.86461388074291,19.55
1.81573802541544,19.56
1.76197458455523,19.57
1.61534701857282,19.58
1.53714565004888,19.59
1.52737047898338,19.6
1.43939393939394,19.61
1.3514173998045,19.62
1.2683284457478,19.63
1.16080156402737,19.64
1.05816226783969,19.65
0.867546432062561,19.66
0.74535679374389,19.67
0.613391984359726,19.68
0.491202346041056,19.69
0.359237536656892,19.7
0.31524926686217,19.71
0.193059628543499,19.72
0.0708699902248289,19.73
-0.149071358748778,19.74
-0.285923753665689,19.75
-0.417888563049853,19.76
-0.549853372434018,19.77
-0.686705767350929,19.78
-0.813782991202346,19.79
-0.940860215053763,19.8
-0.975073313782991,19.81
-1.17057673509286,19.82
-1.28299120234604,19.83
-1.39051808406647,19.84
-1.49315738025415,19.85
-1.59090909090909,19.86
-1.67888563049853,19.87
-1.76686217008798,19.88
-1.84017595307918,19.89
-1.91348973607038,19.9
-1.97214076246334,19.91
-2.02590420332356,19.92
-2.06989247311828,19.93
-2.10899315738025,19.94
-2.13831867057673,19.95
-2.16275659824047,19.96
-2.17741935483871,19.97
-2.18230694037146,19.98
-2.18230694037146,19.99
-2.16764418377322,20
-2.06989247311828,20.01
-2.10899315738025,20.02
-2.07478005865103,20.03
-2.02590420332356,20.04
-1.97702834799609,20.05
-1.91837732160313,20.06
-1.85483870967742,20.07
-1.78641251221896,20.08
-1.70332355816227,20.09
-1.53714565004888,20.1
-1.42961876832845,20.11
-1.32209188660802,20.12
-1.20478983382209,20.13
-1.17057673509286,20.14
-1.06304985337243,20.15
-0.950635386119257,20.16
-0.833333333333333,20.17
-0.632942326490714,20.18
-0.486314760508309,20.19
-0.359237536656892,20.2
-0.22238514173998,20.21
-0.0855327468230693,20.22
0.0464320625610948,20.23
0.10019550342131,20.24
0.217497556207233,20.25
0.417888563049853,20.26
0.549853372434018,20.27
0.676930596285435,20.28
0.799120234604106,20.29
0.916422287390029,20.3
1.03372434017595,20.31
1.14613880742913,20.32
1.25366568914956,20.33
1.34652981427175,20.34
1.44428152492669,20.35
1.52737047898338,20.36
1.61045943304008,20.37
1.68377321603128,20.38
1.75219941348974,20.39
1.8108504398827,20.4
1.85972629521017,20.41
1.90860215053763,20.42
1.93304007820137,20.43
1.96236559139785,20.44
1.98191593352884,20.45
1.99169110459433,20.46
1.99169110459433,20.47
1.98680351906158,20.48
1.97214076246334,20.49
1.94281524926686,20.5
1.83040078201368,20.51
1.77663734115347,20.52
1.8010752688172,20.53
1.74731182795699,20.54
1.68377321603128,20.55
1.61534701857282,20.56
1.53714565004888,20.57
1.45894428152493,20.58
1.28787878787879,20.59
1.17546432062561,20.6
1.06793743890518,20.61
0.955522971652004,20.62
0.916422287390029,20.63
0.794232649071359,20.64
0.681818181818182,20.65
0.564516129032258,20.66
0.364125122189638,20.67
0.232160312805474,20.68
0.0904203323558161,20.69
-0.0464320625610948,20.7
-0.178396871945259,20.71
-0.31524926686217,20.72
-0.452101661779081,20.73
-0.496089931573803,20.74
-0.696480938416422,20.75
-0.82355816226784,20.76
-0.94574780058651,20.77
-1.06793743890518,20.78
-1.1852394916911,20.79
-1.29765395894428,20.8
-1.40518084066471,20.81
-1.50782013685239,20.82
-1.60068426197458,20.83
-1.68866080156403,20.84
-1.77174975562072,20.85
-1.84995112414467,20.86
-1.91837732160313,20.87
-1.98191593352884,20.88
-2.03567937438905,20.89
-2.07966764418377,20.9
-2.11876832844575,20.91
-2.14809384164223,20.92
-2.08944281524927,20.93
-2.17741935483871,20.94
-2.18230694037146,20.95
-2.17741935483871,20.96
-2.16764418377322,20.97
-2.14320625610948,20.98
-2.113880742913,20.99
-2.07966764418377,21
-2.03567937438905,21.01
-1.98191593352884,21.02
-1.84017595307918,21.03
-1.76197458455523,21.04
-1.67399804496579,21.05
-1.66422287390029,21.06
-1.5811339198436,21.07
-1.48826979472141,21.08
-1.39051808406647,21.09
-1.28787878787879,21.1
-1.10215053763441,21.11
-0.979960899315738,21.12
-0.852883675464321,21.13
-0.720918866080156,21.14
-0.593841642228739,21.15
-0.535190615835777,21.16
-0.417888563049853,21.17
-0.295698924731183,21.18
-0.095307917888563,21.19
0.0464320625610948,21.2
0.183284457478006,21.21
0.320136852394917,21.22
0.447214076246334,21.23
0.584066471163245,21.24
0.706256109481916,21.25
0.828445747800587,21.26
0.935972629521017,21.27
1.05327468230694,21.28
1.16080156402737,21.29
1.2683284457478,21.3
1.36608015640274,21.31
1.45894428152493,21.32
1.54692082111437,21.33
1.63000977517107,21.34
1.69354838709677,21.35
1.76197458455523,21.36
1.81573802541544,21.37
1.86461388074291,21.38
1.90860215053763,21.39
1.93792766373411,21.4
1.9672531769306,21.41
1.98191593352884,21.42
1.99169110459433,21.43
1.99657869012708,21.44
1.97214076246334,21.45
1.9574780058651,21.46
1.93304007820137,21.47
1.89882697947214,21.48
1.85483870967742,21.49
1.80596285434995,21.5
1.75219941348974,21.51
1.69354838709677,21.52
1.52737047898338,21.53
1.44428152492669,21.54
1.4247311827957,21.55
1.33675464320626,21.56
1.23900293255132,21.57
1.13147605083089,21.58
1.02394916911046,21.59
0.83822091886608,21.6
0.711143695014663,21.61
0.584066471163245,21.62
0.452101661779081,21.63
0.325024437927664,21.64
0.193059628543499,21.65
0.139296187683284,21.66
0.0219941348973607,21.67
-0.183284457478006,21.68
-0.31524926686217,21.69
-0.452101661779081,21.7
-0.588954056695992,21.71
-0.71603128054741,21.72
-0.843108504398827,21.73
-0.965298142717498,21.74
-1.08748778103617,21.75
-1.19990224828935,21.76
-1.31231671554252,21.77
-1.41984359726295,21.78
-1.52248289345064,21.79
-1.61534701857282,21.8
-1.70821114369501,21.81
-1.78641251221896,21.82
-1.86461388074291,21.83
-1.93304007820137,21.84
-1.98680351906158,21.85
-2.04545454545455,21.86
-2.08455522971652,21.87
-2.12365591397849,21.88
-2.14809384164223,21.89
-2.17253176930596,21.9
-2.18230694037146,21.91
-2.1871945259042,21.92
-2.18230694037146,21.93
-2.16764418377322,21.94
-2.14320625610948,21.95
-2.0307917888563,21.96
-1.98191593352884,21.97
-2.01124144672532,21.98
-1.9574780058651,21.99
-1.89393939393939,22
-1.82551319648094,22.01
-1.75708699902248,22.02
-1.67399804496579,22.03
-1.50782013685239,22.04
-1.40518084066471,22.05
-1.29765395894428,22.06
-1.18035190615836,22.07
-1.14125122189638,22.08
-1.02883675464321,22.09
-0.916422287390029,22.1
-0.799120234604106,22.11
-0.598729227761486,22.12
-0.466764418377322,22.13
-0.325024437927664,22.14
-0.183284457478006,22.15
-0.0513196480938416,22.16
0.0855327468230693,22.17
0.217497556207233,22.18
0.261485826001955,22.19
0.461876832844575,22.2
0.588954056695992,22.21
0.716031280547409,22.22
0.833333333333333,22.23
0.955522971652004,22.24
1.06793743890518,22.25
1.17546432062561,22.26
1.28299120234604,22.27
1.29765395894428,22.28
1.46383186705767,22.29
1.55180840664712,22.3
1.62512218963832,22.31
1.69843597262952,22.32
1.76686217008798,22.33
1.82551319648094,22.34
1.86950146627566,22.35
1.90860215053763,22.36
1.86461388074291,22.37
1.9672531769306,22.38
1.98191593352884,22.39
1.98680351906158,22.4
1.98680351906158,22.41
1.97702834799609,22.42
1.9574780058651,22.43
1.93304007820137,22.44
1.89882697947214,22.45
1.76686217008798,22.46
1.78152492668622,22.47
1.727761485826,22.48
1.66422287390029,22.49
1.59090909090909,22.5
1.50782013685239,22.51
1.4247311827957,22.52
1.32697947214076,22.53
1.14613880742913,22.54
1.02883675464321,22.55
0.916422287390029,22.56
0.799120234604106,22.57
0.755131964809384,22.58
0.63782991202346,22.59
0.53030303030303,22.6
0.325024437927664,22.61
0.193059628543499,22.62
0.0562072336265884,22.63
-0.0757575757575757,22.64
-0.212609970674487,22.65
-0.349462365591398,22.66
-0.481427174975562,22.67
-0.535190615835777,22.68
-0.73069403714565,22.69
-0.857771260997067,22.7
-0.979960899315738,22.71
-1.10215053763441,22.72
-1.21945259042033,22.73
-1.33186705767351,22.74
-1.43450635386119,22.75
-1.53714565004888,22.76
-1.63000977517107,22.77
-1.71798631476051,22.78
-1.79618768328446,22.79
-1.86950146627566,22.8
-1.93792766373412,22.81
-1.99657869012708,22.82
-2.05034213098729,22.83
-2.08944281524927,22.84
-2.12854349951124,22.85
-2.15786901270772,22.86
-2.17741935483871,22.87
-2.17741935483871,22.88
-2.17741935483871,22.89
-2.17253176930596,22.9
-2.15786901270772,22.91
-2.12854349951124,22.92
-2.09921798631476,22.93
-2.06011730205279,22.94
-2.01612903225806,22.95
-1.96236559139785,22.96
-1.90371456500489,22.97
-1.74242424242424,22.98
-1.6544477028348,22.99
-1.63978494623656,23
-1.55669599217986,23.01
-1.46383186705767,23.02
-1.36608015640274,23.03
-1.25855327468231,23.04
-1.15102639296188,23.05
-0.950635386119257,23.06
-0.818670576735093,23.07
-0.691593352883676,23.08
-0.559628543499511,23.09
-0.4227761485826,23.1
-0.364125122189638,23.11
-0.241935483870968,23.12
-0.124633431085044,23.13
0.0855327468230693,23.14
0.22238514173998,23.15
0.354349951124145,23.16
0.481427174975562,23.17
0.608504398826979,23.18
0.735581622678397,23.19
0.857771260997068,23.2
0.887096774193548,23.21
1.07771260997067,23.22
1.19012707722385,23.23
1.29276637341153,23.24
1.38563049853372,23.25
1.48338220918866,23.26
1.56647116324536,23.27
1.63978494623656,23.28
1.71309872922776,23.29
1.77174975562072,23.3
1.82551319648094,23.31
1.87438905180841,23.32
1.91837732160313,23.33
1.95259042033236,23.34
1.97214076246334,23.35
1.98680351906158,23.36
1.99169110459433,23.37
1.99169110459433,23.38
1.89393939393939,23.39
1.94281524926686,23.4
1.91837732160313,23.41
1.87927663734115,23.42
1.83528836754643,23.43
1.78641251221896,23.44
1.727761485826,23.45
1.65933528836755,23.46
1.50293255131965,23.47
1.40518084066471,23.48
1.31720430107527,23.49
1.29765395894428,23.5
1.1950146627566,23.51
1.09726295210166,23.52
0.989736070381232,23.53
0.882209188660802,23.54
0.686705767350928,23.55
0.559628543499511,23.56
0.427663734115347,23.57
0.295698924731183,23.58
0.158846529814272,23.59
0.10019550342131,23.6
-0.0268817204301075,23.61
-0.144183773216031,23.62
-0.359237536656892,23.63
-0.491202346041056,23.64
-0.62316715542522,23.65
-0.755131964809384,23.66
-0.877321603128055,23.67
-1.00439882697947,23.68
-1.12658846529814,23.69
-1.16080156402737,23.7
-1.341642228739,23.71
-1.44916911045943,23.72
-1.54692082111437,23.73
-1.63978494623656,23.74
-1.727761485826,23.75
-1.80596285434995,23.76
-1.87927663734115,23.77
-1.94770283479961,23.78
-2.00146627565982,23.79
-2.05522971652004,23.8
-2.09433040078201,23.81
-2.12854349951124,23.82
-2.15298142717498,23.83
-2.17253176930596,23.84
-2.18230694037146,23.85
-2.18230694037146,23.86
-2.17253176930596,23.87
-2.15786901270772,23.88
-2.13343108504399,23.89
-2.02590420332356,23.9
-1.97702834799609,23.91
-1.99657869012708,23.92
-1.94281524926686,23.93
-1.87927663734115,23.94
-1.8108504398827,23.95
-1.73264907135875,23.96
-1.64956011730205,23.97
-1.56158357771261,23.98
-1.38074291300098,23.99
-1.26344086021505,24
-1.15102639296188,24.01
-1.02883675464321,24.02
-0.984848484848485,24.03
-0.872434017595308,24.04
-0.750244379276637,24.05
-0.637829912023461,24.06
-0.427663734115347,24.07
-0.290811339198436,24.08
-0.153958944281525,24.09
-0.0219941348973607,24.1
0.119745845552297,24.11
0.246823069403714,24.12
0.30058651026393,24.13
0.417888563049853,24.14
0.62316715542522,24.15
0.740469208211143,24.16
0.867546432062561,24.17
0.979960899315738,24.18
1.10215053763441,24.19
1.20478983382209,24.2
1.30742913000978,24.21
1.40518084066471,24.22
1.48826979472141,24.23
1.57624633431085,24.24
1.6544477028348,24.25
1.71798631476051,24.26
1.78641251221896,24.27
1.84017595307918,24.28
1.8841642228739,24.29
1.92326490713587,24.3
1.95259042033236,24.31
1.97702834799609,24.32
1.98680351906158,24.33
1.99169110459433,24.34
1.98191593352884,24.35
1.9672531769306,24.36
1.94281524926686,24.37
1.92326490713587,24.38
1.87927663734115,24.39
1.75708699902248,24.4
1.69354838709677,24.41
1.70821114369501,24.42
1.63489736070381,24.43
1.56158357771261,24.44
1.47849462365591,24.45
1.39540566959922,24.46
1.30254154447703,24.47
1.1217008797654,24.48
1.00928641251222,24.49
0.896871945259042,24.5
0.774682306940372,24.51
0.725806451612903,24.52
0.608504398826979,24.53
0.481427174975562,24.54
0.364125122189638,24.55
0.158846529814272,24.56
0.0171065493646139,24.57
-0.11485826001955,24.58
-0.251710654936462,24.59
-0.388563049853373,24.6
-0.525415444770283,24.61
-0.652492668621701,24.62
-0.691593352883676,24.63
-0.887096774193548,24.64
-1.01417399804497,24.65
-1.13147605083089,24.66
-1.24877810361681,24.67
-1.35630498533724,24.68
-1.46383186705767,24.69
-1.56158357771261,24.7
-1.6544477028348,24.71
-1.7375366568915,24.72
-1.82062561094819,24.73
-1.88905180840665,24.74
-1.95259042033236,24.75
-2.01124144672532,24.76
-2.06011730205279,24.77
-2.09921798631476,24.78
-2.13831867057673,24.79
-2.16275659824047,24.8
-2.17741935483871,24.81
-2.10899315738025,24.82
-2.17741935483871,24.83
-2.16275659824047,24.84
-2.14809384164223,24.85
-2.12854349951124,24.86
-2.09433040078201,24.87
-2.05522971652004,24.88
-2.00146627565982,24.89
-1.94281524926686,24.9
-1.87438905180841,24.91
-1.727761485826,24.92
-1.63489736070381,24.93
-1.53714565004888,24.94
-1.52248289345064,24.95
-1.4247311827957,24.96
-1.32209188660802,24.97
-1.21945259042033,24.98
-1.1119257086999,24.99
-0.916422287390029,25
-0.784457478005865,25.01
-0.657380254154448,25.02
-0.520527859237537,25.03
-0.393450635386119,25.04
-0.334799608993158,25.05
-0.212609970674487,25.06
-0.0904203323558161,25.07
0.119745845552297,25.08
0.256598240469208,25.09
0.393450635386119,25.1
0.525415444770283,25.11
0.647605083088954,25.12
0.774682306940372,25.13
0.896871945259042,25.14
0.926197458455523,25.15
1.1119257086999,25.16
1.21456500488759,25.17
1.32209188660802,25.18
1.41495601173021,25.19
1.50782013685239,25.2
1.59090909090909,25.21
1.65933528836755,25.22
1.7375366568915,25.23
1.79130009775171,25.24
1.84506353861193,25.25
1.88905180840665,25.26
1.92815249266862,25.27
1.95259042033236,25.28
1.97214076246334,25.29
1.99169110459433,25.3
1.99169110459433,25.31
1.99169110459433,25.32
1.89393939393939,25.33
1.94281524926686,25.34
1.89882697947214,25.35
1.86461388074291,25.36
1.82062561094819,25.37
1.76686217008798,25.38
1.71309872922776,25.39
1.64956011730205,25.4
1.48826979472141,25.41
1.39051808406647,25.42
1.29765395894428,25.43
1.2683284457478,25.44
1.17057673509286,25.45
1.06304985337243,25.46
0.960410557184751,25.47
0.852883675464321,25.48
0.652492668621701,25.49
0.520527859237537,25.5
0.388563049853373,25.51
0.256598240469208,25.52
0.119745845552297,25.53
-0.0171065493646139,25.54
-0.0659824046920821,25.55
-0.183284457478006,25.56
-0.393450635386119,25.57
-0.525415444770283,25.58
-0.657380254154448,25.59
-0.794232649071359,25.6
-0.911534701857283,25.61
-1.0386119257087,25.62
-1.15102639296188,25.63
-1.2683284457478,25.64
-1.37096774193548,25.65
-1.47360703812317,25.66
-1.57624633431085,25.67
-1.66911045943304,25.68
-1.74731182795699,25.69
-1.82062561094819,25.7
-1.90371456500489,25.71
-1.96236559139785,25.72
-2.02590420332356,25.73
-1.99169110459433,25.74
-2.10410557184751,25.75
-2.13831867057673,25.76
-2.16275659824047,25.77
-2.17741935483871,25.78
-2.18230694037146,25.79
-2.18230694037146,25.8
-2.17741935483871,25.81
-2.15786901270772,25.82
-2.12365591397849,25.83
-2.09433040078201,25.84
-1.9672531769306,25.85
-1.89882697947214,25.86
-1.91837732160313,25.87
-1.84506353861193,25.88
-1.78641251221896,25.89
-1.70332355816227,25.9
-1.62023460410557,25.91
-1.53225806451613,25.92
-1.3514173998045,25.93
-1.23900293255132,25.94
-1.1217008797654,25.95
-0.999511241446725,25.96
-0.94574780058651,25.97
-0.843108504398827,25.98
-0.720918866080156,25.99
-0.593841642228739,26
-0.393450635386119,26.01
-0.251710654936462,26.02
-0.119745845552297,26.03
0.0268817204301075,26.04
0.168621700879765,26.05
0.285923753665689,26.06
0.4227761485826,26.07
0.461876832844575,26.08
0.642717497556207,26.09
0.784457478005865,26.1
0.901759530791789,26.11
1.01906158357771,26.12
1.1217008797654,26.13
1.23411534701857,26.14
1.33186705767351,26.15
1.42961876832845,26.16
1.50782013685239,26.17
1.59579667644184,26.18
1.66911045943304,26.19
1.73264907135875,26.2
1.79618768328446,26.21
1.85483870967742,26.22
1.89393939393939,26.23
1.93792766373411,26.24
1.96236559139785,26.25
1.89393939393939,26.26
1.98680351906158,26.27
1.98191593352884,26.28
1.98680351906158,26.29
1.96236559139785,26.3
1.92815249266862,26.31
1.90371456500489,26.32
1.87438905180841,26.33
1.74731182795699,26.34
1.68866080156403,26.35
1.69843597262952,26.36
1.62023460410557,26.37
1.53714565004888,26.38
1.45894428152493,26.39
1.37096774193548,26.4
1.27810361681329,26.41
1.09237536656891,26.42
0.975073313782991,26.43
0.852883675464321,26.44
0.73069403714565,26.45
0.608504398826979,26.46
0.559628543499511,26.47
0.447214076246334,26.48
0.329912023460411,26.49
0.119745845552297,26.5
-0.0171065493646139,26.51
-0.158846529814272,26.52
-0.285923753665689,26.53
-0.4227761485826,26.54
-0.559628543499511,26.55
-0.686705767350929,26.56
-0.73069403714565,26.57
-0.93108504398827,26.58
-1.0386119257087,26.59
-1.17057673509286,26.6
-1.27810361681329,26.61
-1.39051808406647,26.62
-1.49315738025415,26.63
-1.59090909090909,26.64
-1.68377321603128,26.65
-1.76197458455523,26.66
-1.83528836754643,26.67
-1.91348973607038,26.68
-1.97214076246334,26.69
-2.02101661779081,26.7
-2.07478005865103,26.71
-2.113880742913,26.72
-2.14320625610948,26.73
-2.16764418377322,26.74
-2.17741935483871,26.75
-2.18230694037146,26.76
-2.09921798631476,26.77
-2.15786901270772,26.78
-2.13831867057673,26.79
-2.10899315738025,26.8
-2.07478005865103,26.81
-2.0307917888563,26.82
-1.98680351906158,26.83
-1.92326490713587,26.84
-1.85972629521017,26.85
-1.71309872922776,26.86
-1.62023460410557,26.87
-1.52248289345064,26.88
-1.41984359726295,26.89
-1.39540566959922,26.9
-1.29765395894428,26.91
-1.1852394916911,26.92
-1.07282502443793,26.93
-0.882209188660802,26.94
-0.755131964809384,26.95
-0.62316715542522,26.96
-0.491202346041056,26.97
-0.354349951124145,26.98
-0.217497556207233,26.99
-0.158846529814272,27
-0.041544477028348,27.01
0.153958944281525,27.02
0.295698924731183,27.03
0.427663734115347,27.04
0.549853372434018,27.05
0.672043010752688,27.06
0.799120234604106,27.07
0.921309872922776,27.08
1.0386119257087,27.09
1.06793743890518,27.1
1.24877810361681,27.11
1.34652981427175,27.12
1.44428152492669,27.13
1.53225806451613,27.14
1.60557184750733,27.15
1.68377321603128,27.16
1.74731182795699,27.17
1.8108504398827,27.18
1.85972629521017,27.19
1.89882697947214,27.2
1.93792766373411,27.21
1.96236559139785,27.22
1.97702834799609,27.23
1.98680351906158,27.24
1.98680351906158,27.25
1.98680351906158,27.26
1.9672531769306,27.27
1.85483870967742,27.28
1.89882697947214,27.29
1.84506353861193,27.3
1.80596285434995,27.31
1.74242424242424,27.32
1.68377321603128,27.33
1.61534701857282,27.34
1.53714565004888,27.35
1.36119257086999,27.36
1.27321603128055,27.37
1.15591397849462,27.38
1.12658846529814,27.39
1.02883675464321,27.4
0.911534701857283,27.41
0.808895405669599,27.42
0.691593352883675,27.43
0.491202346041056,27.44
0.364125122189638,27.45
0.227272727272727,27.46
0.0904203323558161,27.47
-0.0464320625610948,27.48
-0.183284457478006,27.49
-0.232160312805474,27.5
-0.432551319648094,27.51
-0.559628543499511,27.52
-0.696480938416422,27.53
-0.828445747800586,27.54
-0.955522971652004,27.55
-1.06793743890518,27.56
-1.1852394916911,27.57
-1.29765395894428,27.58
-1.33186705767351,27.59
-1.50293255131965,27.6
-1.60068426197458,27.61
-1.68866080156403,27.62
-1.77174975562072,27.63
-1.84506353861193,27.64
-1.91837732160313,27.65
-1.98191593352884,27.66
-2.03567937438905,27.67
-2.08455522971652,27.68
-2.10899315738025,27.69
-2.14320625610948,27.7
-2.16764418377322,27.71
-2.17253176930596,27.72
-2.17741935483871,27.73
-2.17741935483871,27.74
-2.16275659824047,27.75
-2.14320625610948,27.76
-2.113880742913,27.77
-2.07966764418377,27.78
-2.0405669599218,27.79
-1.89882697947214,27.8
-1.82551319648094,27.81
-1.83528836754643,27.82
-1.75708699902248,27.83
-1.68377321603128,27.84
-1.59579667644184,27.85
-1.4980449657869,27.86
-1.41006842619746,27.87
-1.21456500488759,27.88
-1.09237536656891,27.89
-0.970185728250244,27.9
-0.83822091886608,27.91
-0.789345063538612,27.92
-0.672043010752688,27.93
-0.554740957966764,27.94
-0.432551319648094,27.95
-0.22238514173998,27.96
-0.0855327468230693,27.97
0.0562072336265884,27.98
0.193059628543499,27.99
0.320136852394917,28
0.452101661779081,28.01
0.579178885630498,28.02
0.613391984359726,28.03
0.818670576735093,28.04
0.935972629521017,28.05
1.05327468230694,28.06
1.16080156402737,28.07
1.2683284457478,28.08
1.36608015640274,28.09
1.45405669599218,28.1
1.54692082111437,28.11
1.62512218963832,28.12
1.69354838709677,28.13
1.75708699902248,28.14
1.81573802541544,28.15
1.86950146627566,28.16
1.90371456500489,28.17
1.94281524926686,28.18
1.96236559139785,28.19
1.99169110459433,28.2
1.99169110459433,28.21
1.98680351906158,28.22
1.97702834799609,28.23
1.9574780058651,28.24
1.93304007820137,28.25
1.89882697947214,28.26
1.84995112414467,28.27
1.80596285434995,28.28
1.66911045943304,28.29
1.59579667644184,28.3
1.59090909090909,28.31
1.51270772238514,28.32
1.4247311827957,28.33
1.33675464320626,28.34
1.24389051808407,28.35
1.14613880742913,28.36
0.965298142717498,28.37
0.83822091886608,28.38
0.716031280547409,28.39
0.584066471163245,28.4
0.452101661779081,28.41
0.40811339198436,28.42
0.281036168132943,28.43
0.158846529814272,28.44
-0.0513196480938416,28.45
-0.183284457478006,28.46
-0.325024437927664,28.47
-0.456989247311828,28.48
-0.598729227761486,28.49
-0.725806451612903,28.5
-0.847996089931574,28.51
-0.887096774193548,28.52
-1.07771260997067,28.53
-1.19990224828935,28.54
-1.30742913000978,28.55
-1.41495601173021,28.56
-1.51759530791789,28.57
-1.61534701857282,28.58
-1.69843597262952,28.59
-1.78641251221896,28.6
-1.85483870967742,28.61
-1.93304007820137,28.62
-1.98680351906158,28.63
-2.04545454545455,28.64
-2.08944281524927,28.65
-2.12365591397849,28.66
-2.14809384164223,28.67
-2.17253176930596,28.68
-2.17741935483871,28.69
-2.1871945259042,28.7
-2.18230694037146,28.71
-2.07966764418377,28.72
-2.13343108504399,28.73
-2.10410557184751,28.74
-2.06500488758553,28.75
-2.02101661779081,28.76
-1.97214076246334,28.77
-1.90371456500489,28.78
-1.83528836754643,28.79
-1.75708699902248,28.8
-1.60557184750733,28.81
-1.4980449657869,28.82
-1.39540566959922,28.83
-1.28299120234604,28.84
-1.25855327468231,28.85
-1.14613880742913,28.86
-1.0386119257087,28.87
-0.921309872922776,28.88
-0.73069403714565,28.89
-0.588954056695992,28.9
-0.461876832844575,28.91
-0.320136852394917,28.92
-0.188172043010753,28.93
-0.0513196480938416,28.94
-0.00244379276637341,28.95
0.129521016617791,28.96
0.329912023460411,28.97
0.461876832844575,28.98
0.588954056695992,28.99
0.716031280547409,29
0.833333333333333,29.01
0.955522971652004,29.02
1.07282502443793,29.03
1.17057673509286,29.04
1.27321603128055,29.05
1.37585532746823,29.06
1.46383186705767,29.07
1.54692082111437,29.08
1.63000977517107,29.09
1.70332355816227,29.1
1.76197458455523,29.11
1.82062561094819,29.12
1.86950146627566,29.13
1.90860215053763,29.14
1.93792766373411,29.15
1.9672531769306,29.16
1.97214076246334,29.17
1.98680351906158,29.18
1.98680351906158,29.19
1.98191593352884,29.2
1.9574780058651,29.21
1.93792766373411,29.22
1.8010752688172,29.23
1.83528836754643,29.24
1.78641251221896,29.25
1.73264907135875,29.26
1.66911045943304,29.27
1.59579667644184,29.28
1.51759530791789,29.29
1.35630498533724,29.3
1.25366568914956,29.31
1.14613880742913,29.32
1.02394916911046,29.33
0.989736070381232,29.34
0.872434017595308,29.35
0.769794721407625,29.36
0.652492668621701,29.37
0.452101661779081,29.38
0.325024437927664,29.39
0.183284457478006,29.4
0.0513196480938416,29.41
-0.0806451612903225,29.42
-0.22238514173998,29.43
-0.354349951124145,29.44
-0.393450635386119,29.45
-0.598729227761486,29.46
-0.73069403714565,29.47
-0.852883675464321,29.48
-0.975073313782991,29.49
-1.09726295210166,29.5
-1.21945259042033,29.51
-1.32697947214076,29.52
-1.43450635386119,29.53
-1.45894428152493,29.54
-1.63000977517107,29.55
-1.71798631476051,29.56
-1.79618768328446,29.57
-1.86461388074291,29.58
-1.93792766373412,29.59
-1.99657869012708,29.6
-2.04545454545455,29.61
-2.08944281524927,29.62
-2.12365591397849,29.63
-2.15298142717498,29.64
-2.17253176930596,29.65
-2.17741935483871,29.66
-2.18230694037146,29.67
-2.17741935483871,29.68
-2.16275659824047,29.69
-2.13343108504399,29.7
-2.10410557184751,29.71
-2.06500488758553,29.72
-2.01612903225806,29.73
-1.8841642228739,29.74
-1.8108504398827,29.75
-1.73264907135875,29.76
-1.72287390029326,29.77
-1.6544477028348,29.78
-1.56158357771261,29.79
-1.46871945259042,29.8
-1.37096774193548,29.81
-1.2683284457478,29.82
-1.07282502443793,29.83
-0.94574780058651,29.84
-0.813782991202346,29.85
-0.686705767350929,29.86
-0.554740957966764,29.87
-0.510752688172043,29.88
-0.383675464320626,29.89
-0.183284457478006,29.9
-0.0464320625610948,29.91
0.0904203323558161,29.92
0.227272727272727,29.93
0.359237536656892,29.94
0.491202346041056,29.95
0.618279569892473,29.96
0.740469208211143,29.97
0.847996089931574,29.98
0.965298142717498,29.99
1.07771260997067,30
