0,0.004
3.40175953079179,0.008
3.42130987292278,0.012
3.3919843597263,0.016
3.3919843597263,0.02
3.38709677419355,0.024
3.3919843597263,0.028
3.3822091886608,0.032
3.3822091886608,0.036
3.37732160312805,0.04
2.89833822091887,0.044
3.35288367546432,0.048
3.35288367546432,0.052
3.34799608993157,0.056
NaN,0.06
3.40664711632454,0.064
3.40175953079179,0.068
3.40175953079179,0.072
3.42130987292278,0.076
3.3919843597263,0.08
3.3919843597263,0.084
3.38709677419355,0.088
3.3919843597263,0.092
3.3822091886608,0.096
3.3822091886608,0.1
3.37732160312805,0.104
2.89833822091887,0.108
3.35288367546432,0.112
3.35288367546432,0.116
3.34799608993157,0.12
NaN,0.124
0.10752688172043,0.128
0.175953079178886,0.132
0.576735092864125,0.136
0.713587487781036,0.14
0.483870967741935,0.144
0.513196480938416,0.148
0.899315738025415,0.152
1.04594330400782,0.156
1.158357771261,0.16
0.806451612903226,0.164
0.826001955034213,0.168
1.32942326490714,0.172
1.01661779081134,0.176
1.71065493646139,0.18
1.90615835777126,0.184
2.06744868035191,0.188
2.20430107526882,0.192
2.31182795698925,0.196
2.3900293255132,0.2
2.45845552297165,0.204
2.00879765395894,0.208
1.99902248289345,0.212
2.0039100684262,0.216
2.0039100684262,0.22
1.99902248289345,0.224
2.5366568914956,0.228
2.58064516129032,0.232
2.61485826001955,0.236
2.64418377321603,0.24
2.66862170087977,0.244
2.6930596285435,0.248
2.71749755620723,0.252
2.74193548387097,0.256
2.28250244379277,0.26
2.24340175953079,0.264
2.22873900293255,0.268
2.2238514173998,0.272
2.72238514173998,0.276
2.77126099706745,0.28
2.80058651026393,0.284
2.82502443792766,0.288
2.8494623655914,0.292
2.86901270772239,0.296
2.88856304985337,0.3
2.90811339198436,0.304
2.92766373411535,0.308
2.93743890518084,0.312
2.43401759530792,0.316
2.41446725317693,0.32
2.88856304985337,0.324
2.93743890518084,0.328
2.96676441837732,0.332
2.98631476050831,0.336
3.0058651026393,0.34
3.02541544477028,0.344
3.04007820136852,0.348
3.05474095796676,0.352
3.07429130009775,0.356
3.08895405669599,0.36
3.09384164222874,0.364
2.59530791788856,0.368
2.57575757575758,0.372
3.0791788856305,0.376
3.10361681329423,0.38
3.12316715542522,0.384
3.13782991202346,0.388
3.14760508308895,0.392
3.16226783968719,0.396
3.17693059628543,0.4
3.18670576735093,0.404
3.19648093841642,0.408
3.20625610948192,0.412
3.21114369501466,0.416
2.72238514173998,0.42
3.17693059628543,0.424
3.21114369501466,0.428
3.23069403714565,0.432
3.24046920821114,0.436
3.25024437927664,0.44
3.26490713587488,0.444
3.27468230694037,0.448
3.28445747800587,0.452
3.29423264907136,0.456
3.29912023460411,0.46
3.3088954056696,0.464
3.3088954056696,0.468
2.83479960899316,0.472
3.29912023460411,0.476
3.31378299120235,0.48
3.32844574780059,0.484
3.33822091886608,0.488
3.33822091886608,0.492
3.35288367546432,0.496
3.35288367546432,0.5
3.36265884652981,0.504
3.36754643206256,0.508
3.37243401759531,0.512
3.37732160312805,0.516
3.37243401759531,0.52
3.36265884652981,0.524
3.3822091886608,0.528
3.38709677419355,0.532
3.3919843597263,0.536
3.39687194525904,0.54
3.40175953079179,0.544
3.40175953079179,0.548
3.41153470185728,0.552
3.41153470185728,0.556
3.41642228739003,0.56
3.41642228739003,0.564
3.42619745845552,0.568
3.41642228739003,0.572
3.42130987292278,0.576
3.42619745845552,0.58
3.43108504398827,0.584
3.42619745845552,0.588
3.43597262952102,0.592
3.43597262952102,0.596
3.43597262952102,0.6
3.43597262952102,0.604
3.43597262952102,0.608
3.43597262952102,0.612
3.43597262952102,0.616
3.43597262952102,0.62
3.43597262952102,0.624
3.43597262952102,0.628
3.43597262952102,0.632
3.43597262952102,0.636
3.44086021505376,0.64
3.43597262952102,0.644
3.43597262952102,0.648
3.43597262952102,0.652
3.43597262952102,0.656
3.43597262952102,0.66
3.43597262952102,0.664
3.44086021505376,0.668
3.43597262952102,0.672
3.42130987292278,0.676
3.42619745845552,0.68
3.43108504398827,0.684
3.42619745845552,0.688
3.42130987292278,0.692
3.42130987292278,0.696
3.41642228739003,0.7
3.41642228739003,0.704
3.41642228739003,0.708
3.41153470185728,0.712
3.41153470185728,0.716
3.41153470185728,0.72
3.40175953079179,0.724
3.37732160312805,0.728
3.38709677419355,0.732
3.38709677419355,0.736
3.3822091886608,0.74
3.37732160312805,0.744
3.37732160312805,0.748
3.37243401759531,0.752
3.36754643206256,0.756
3.36754643206256,0.76
3.36265884652981,0.764
3.35777126099707,0.768
3.35288367546432,0.772
2.89345063538612,0.776
3.30400782013685,0.78
3.31378299120235,0.784
3.31378299120235,0.788
3.31378299120235,0.792
3.3088954056696,0.796
3.30400782013685,0.8
3.30400782013685,0.804
3.29912023460411,0.808
3.28934506353861,0.812
3.28445747800587,0.816
3.27956989247312,0.82
3.27468230694037,0.824
2.7663734115347,0.828
3.20136852394917,0.832
3.21603128054741,0.836
3.21603128054741,0.84
3.21114369501466,0.844
3.21114369501466,0.848
3.20136852394917,0.852
3.19159335288368,0.856
3.19159335288368,0.86
3.18181818181818,0.864
3.17693059628543,0.868
3.17204301075269,0.872
2.6930596285435,0.876
2.62952101661779,0.88
3.07429130009775,0.884
3.09384164222874,0.888
3.09384164222874,0.892
3.08895405669599,0.896
3.08406647116325,0.9
3.07429130009775,0.904
3.069403714565,0.908
3.06451612903226,0.912
3.05474095796676,0.916
3.04985337243402,0.92
3.03519061583578,0.924
2.51710654936461,0.928
2.4633431085044,0.932
2.42913000977517,0.936
2.93255131964809,0.94
2.93743890518084,0.944
2.93255131964809,0.948
2.92766373411535,0.952
2.91788856304985,0.956
2.91300097751711,0.96
2.90322580645161,0.964
2.90322580645161,0.968
2.89345063538612,0.972
2.38514173998045,0.976
2.32649071358749,0.98
2.28250244379277,0.984
2.24340175953079,0.988
2.74682306940371,0.992
2.75171065493646,0.996
2.75171065493646,1
2.74682306940371,1.004
2.73704789833822,1.008
2.73216031280547,1.012
2.72727272727273,1.016
2.72238514173998,1.02
2.22873900293255,1.024
2.1603128054741,1.028
2.11632453567937,1.032
2.0772238514174,1.036
2.04301075268817,1.04
2.5366568914956,1.044
2.55131964809384,1.048
2.55131964809384,1.052
2.54643206256109,1.056
2.54154447702835,1.06
2.5366568914956,1.064
2.52199413489736,1.068
2.51710654936461,1.072
1.97947214076246,1.076
1.93548387096774,1.08
1.89149560117302,1.084
1.86217008797654,1.088
1.83284457478006,1.092
2.29716520039101,1.096
2.31182795698925,1.1
2.31671554252199,1.104
2.31182795698925,1.108
2.3069403714565,1.112
2.29716520039101,1.116
2.29227761485826,1.12
1.7741935483871,1.124
1.71554252199413,1.128
1.67644183773216,1.132
1.64222873900293,1.136
1.60312805474096,1.14
1.56402737047898,1.144
1.50048875855327,1.148
2.01368523949169,1.152
2.00879765395894,1.156
1.99902248289345,1.16
1.97947214076246,1.164
1.96480938416422,1.168
1.4613880742913,1.172
1.39296187683284,1.176
1.33431085043988,1.18
1.28543499511241,1.184
1.23655913978495,1.188
1.19257086999022,1.192
1.1485826001955,1.196
1.09481915933529,1.2
1.52981427174976,1.204
1.52003910068426,1.208
1.50537634408602,1.212
1.48582600195503,1.216
1.49560117302053,1.22
0.987292277614858,1.224
0.933528836754643,1.228
0.894428152492669,1.232
0.855327468230694,1.236
0.826001955034213,1.24
0.791788856304985,1.244
0.762463343108504,1.248
0.728250244379277,1.252
1.09481915933529,1.256
1.09970674486804,1.26
1.09481915933529,1.264
1.08993157380254,1.268
0.684261974584555,1.272
0.650048875855327,1.276
0.6158357771261,1.28
0.591397849462366,1.284
0.566959921798632,1.288
0.547409579667644,1.292
0.52297165200391,1.296
0.498533724340176,1.3
0.483870967741935,1.304
0.493646138807429,1.308
0.474095796676442,1.312
0.821114369501466,1.316
0.493646138807429,1.32
0.454545454545455,1.324
0.400782013685239,1.328
0.410557184750733,1.332
0.312805474095797,1.336
0.376344086021505,1.34
0.708699902248289,1.344
0.386119257086999,1.348
0.332355816226784,1.352
0.342130987292278,1.356
0.30791788856305,1.36
0.312805474095797,1.364
0.606060606060606,1.368
0.620723362658847,1.372
0.303030303030303,1.376
0.259042033235582,1.38
0.263929618768328,1.384
0.234604105571848,1.388
0.239491691104594,1.392
0.518084066471163,1.396
0.581622678396872,1.4
0.229716520039101,1.404
0.20039100684262,1.408
0.205278592375367,1.412
0.180840664711632,1.416
0.185728250244379,1.42
0.449657869012708,1.424
0.166177908113392,1.428
0.180840664711632,1.432
0.146627565982405,1.436
0.151515151515152,1.44
0.131964809384164,1.444
0.136852394916911,1.448
0.0586510263929619,1.452
0.117302052785924,1.456
0.131964809384164,1.46
0.10752688172043,1.464
0.10752688172043,1.468
0.0928641251221896,1.472
0.0928641251221896,1.476
0.083088954056696,1.48
0.083088954056696,1.484
0.0928641251221896,1.488
0.0733137829912024,1.492
0.0733137829912024,1.496
0.0635386119257087,1.5
0.0586510263929619,1.504
0.0537634408602151,1.508
0.0537634408602151,1.512
0.0586510263929619,1.516
0.0439882697947214,1.52
0.0391006842619746,1.524
0.0391006842619746,1.528
0.0342130987292278,1.532
0.0342130987292278,1.536
0.0293255131964809,1.54
0,1.544
0.0293255131964809,1.548
0.0244379276637341,1.552
0.0195503421309873,1.556
0.0146627565982405,1.56
0.0146627565982405,1.564
0.00977517106549365,1.568
0.00977517106549365,1.572
0.00977517106549365,1.576
0.00977517106549365,1.58
0.00488758553274682,1.584
0.00488758553274682,1.588
0,1.592
0,1.596
0,1.6
0,1.604
0,1.608
0,1.612
0,1.616
0,1.62
0,1.624
0,1.628
0,1.632
0,1.636
0,1.64
0,1.644
0,1.648
0,1.652
0,1.656
0,1.66
0,1.664
0,1.668
0,1.672
0,1.676
0,1.68
0,1.684
0.00488758553274682,1.688
0.00488758553274682,1.692
0.00488758553274682,1.696
0.00488758553274682,1.7
0.00977517106549365,1.704
0.00977517106549365,1.708
0.0146627565982405,1.712
0.0146627565982405,1.716
0.0146627565982405,1.72
0.0195503421309873,1.724
0.0195503421309873,1.728
0.0244379276637341,1.732
0.0244379276637341,1.736
0.0293255131964809,1.74
0.0293255131964809,1.744
0,1.748
0.0537634408602151,1.752
0.0439882697947214,1.756
0.0439882697947214,1.76
0.0488758553274682,1.764
0.0586510263929619,1.768
0.0537634408602151,1.772
0.0635386119257087,1.776
0.32258064516129,1.78
0.0733137829912024,1.784
0.083088954056696,1.788
0.0782013685239492,1.792
0.0879765395894428,1.796
0.083088954056696,1.8
0.0977517106549365,1.804
0.0195503421309873,1.808
0.439882697947214,1.812
0.10752688172043,1.816
0.127077223851417,1.82
0.122189638318671,1.824
0.131964809384164,1.828
0.127077223851417,1.832
0.141739980449658,1.836
0.43010752688172,1.84
0.146627565982405,1.844
0.171065493646139,1.848
0.156402737047898,1.852
0.175953079178886,1.856
0.171065493646139,1.86
0.190615835777126,1.864
0.488758553274682,1.868
0.576735092864125,1.872
0.239491691104594,1.876
0.21505376344086,1.88
0.239491691104594,1.884
0.224828934506354,1.888
0.249266862170088,1.892
0.562072336265885,1.896
0.620723362658847,1.9
0.30791788856305,1.904
0.273704789833822,1.908
0.30791788856305,1.912
0.293255131964809,1.916
0.317693059628543,1.92
0.645161290322581,1.924
0.684261974584555,1.928
0.386119257086999,1.932
0.351906158357771,1.936
0.386119257086999,1.94
0.361681329423265,1.944
0.395894428152493,1.948
0.742913000977517,1.952
0.782013685239492,1.956
0.483870967741935,1.96
0.434995112414467,1.964
0.478983382209189,1.968
0.410557184750733,1.972
0.493646138807429,1.976
0.503421309872923,1.98
0.513196480938416,1.984
0.52297165200391,1.988
0.532746823069404,1.992
0.547409579667644,1.996
0.92375366568915,2
0.977517106549365,2.004
1.01661779081134,2.008
1.05571847507331,2.012
0.703812316715543,2.016
0.703812316715543,2.02
0.708699902248289,2.024
0.72336265884653,2.028
0.733137829912023,2.032
0.747800586510264,2.036
0.757575757575758,2.04
0.772238514173998,2.044
1.18279569892473,2.048
1.25122189638319,2.052
1.29521016617791,2.056
1.34408602150538,2.06
1.39296187683284,2.064
1.01173020527859,2.068
1.01173020527859,2.072
1.01661779081134,2.076
1.03616813294233,2.08
1.05571847507331,2.084
1.07038123167155,2.088
1.08993157380254,2.092
1.0752688172043,2.096
1.61290322580645,2.1
1.68132942326491,2.104
1.73998044965787,2.108
1.79374389051808,2.112
1.8475073313783,2.116
1.9208211143695,2.12
1.45161290322581,2.124
1.46627565982405,2.128
1.49071358748778,2.132
1.51515151515152,2.136
1.53958944281525,2.14
1.56402737047898,2.144
2.09677419354839,2.148
2.1603128054741,2.152
2.21896383186706,2.156
2.26295210166178,2.16
2.30205278592375,2.164
2.33626588465298,2.168
2.3802541544477,2.172
1.89149560117302,2.176
1.88172043010753,2.18
1.87683284457478,2.184
1.88172043010753,2.188
1.88172043010753,2.192
2.3900293255132,2.196
2.43890518084066,2.2
2.47800586510264,2.204
2.51221896383187,2.208
2.54154447702835,2.212
2.56598240469208,2.216
2.59530791788856,2.22
2.61485826001955,2.224
2.14076246334311,2.228
2.11143695014663,2.232
2.10654936461388,2.236
2.09677419354839,2.24
2.58064516129032,2.244
2.63929618768328,2.248
2.67350928641251,2.252
2.70283479960899,2.256
2.72727272727273,2.26
2.74682306940371,2.264
2.7761485826002,2.268
2.79569892473118,2.272
2.81524926686217,2.276
2.35092864125122,2.28
2.31671554252199,2.284
2.30205278592375,2.288
2.28739002932551,2.292
2.81036168132942,2.296
2.8494623655914,2.3
2.87390029325513,2.304
2.89833822091887,2.308
2.91788856304985,2.312
2.93743890518084,2.316
2.95698924731183,2.32
2.97165200391007,2.324
2.9960899315738,2.328
3.00097751710655,2.332
2.49266862170088,2.336
2.47800586510264,2.34
2.97165200391007,2.344
3.0058651026393,2.348
3.03030303030303,2.352
3.04985337243402,2.356
3.06451612903226,2.36
3.08406647116325,2.364
3.09384164222874,2.368
3.11339198435973,2.372
3.12805474095797,2.376
3.13782991202346,2.38
3.14271749755621,2.384
2.64907135874878,2.388
3.08895405669599,2.392
3.13294232649071,2.396
3.1524926686217,2.4
3.16715542521994,2.404
3.18181818181818,2.408
3.19159335288368,2.412
3.20136852394917,2.416
3.21603128054741,2.42
3.23069403714565,2.424
3.2355816226784,2.428
3.24535679374389,2.432
3.25024437927664,2.436
2.76148582600196,2.44
3.24046920821114,2.444
3.25513196480938,2.448
3.27468230694037,2.452
3.28445747800587,2.456
3.28934506353861,2.46
3.29912023460411,2.464
3.3088954056696,2.468
3.31378299120235,2.472
3.32355816226784,2.476
3.32844574780059,2.48
3.34310850439883,2.484
3.33333333333333,2.488
3.31378299120235,2.492
3.33822091886608,2.496
3.34799608993157,2.5
3.35288367546432,2.504
3.36265884652981,2.508
3.36754643206256,2.512
3.37732160312805,2.516
3.37732160312805,2.52
3.38709677419355,2.524
3.38709677419355,2.528
3.39687194525904,2.532
3.39687194525904,2.536
3.3919843597263,2.54
3.3919843597263,2.544
3.39687194525904,2.548
3.40664711632454,2.552
3.41153470185728,2.556
3.41153470185728,2.56
3.41642228739003,2.564
3.42130987292278,2.568
3.42619745845552,2.572
3.42619745845552,2.576
3.43108504398827,2.58
3.43108504398827,2.584
3.42619745845552,2.588
3.43108504398827,2.592
3.43108504398827,2.596
3.43108504398827,2.6
3.43108504398827,2.604
3.43597262952102,2.608
3.43597262952102,2.612
3.43597262952102,2.616
3.43597262952102,2.62
3.43597262952102,2.624
3.43597262952102,2.628
3.43597262952102,2.632
3.43597262952102,2.636
3.43597262952102,2.64
3.42619745845552,2.644
3.43108504398827,2.648
3.43108504398827,2.652
3.43597262952102,2.656
3.43597262952102,2.66
3.43597262952102,2.664
3.43597262952102,2.668
3.43597262952102,2.672
3.43108504398827,2.676
3.43108504398827,2.68
3.43108504398827,2.684
3.42619745845552,2.688
3.42619745845552,2.692
3.41153470185728,2.696
3.41642228739003,2.7
3.41153470185728,2.704
3.41642228739003,2.708
3.41153470185728,2.712
3.40664711632454,2.716
3.40664711632454,2.72
3.40175953079179,2.724
3.40175953079179,2.728
3.39687194525904,2.732
3.3919843597263,2.736
3.38709677419355,2.74
3.37243401759531,2.744
3.35777126099707,2.748
3.36754643206256,2.752
3.36265884652981,2.756
3.35777126099707,2.76
3.35777126099707,2.764
3.34799608993157,2.768
3.34799608993157,2.772
3.34310850439883,2.776
3.33822091886608,2.78
3.33822091886608,2.784
3.32844574780059,2.788
3.32844574780059,2.792
2.83479960899316,2.796
3.26979472140762,2.8
3.27956989247312,2.804
3.27956989247312,2.808
3.27468230694037,2.812
3.27468230694037,2.816
3.26490713587488,2.82
3.26490713587488,2.824
3.25513196480938,2.828
3.25024437927664,2.832
3.24535679374389,2.836
3.24046920821114,2.84
3.22091886608016,2.844
2.70772238514174,2.848
3.15738025415445,2.852
3.16715542521994,2.856
3.16715542521994,2.86
3.16715542521994,2.864
3.16226783968719,2.868
3.15738025415445,2.872
3.1524926686217,2.876
3.14760508308895,2.88
3.14271749755621,2.884
3.13782991202346,2.888
3.12805474095797,2.892
2.6197458455523,2.896
2.56598240469208,2.9
3.02052785923754,2.904
3.03519061583578,2.908
3.04007820136852,2.912
3.03030303030303,2.916
3.03030303030303,2.92
3.02541544477028,2.924
3.01564027370479,2.928
3.01075268817204,2.932
3.00097751710655,2.936
2.99120234604106,2.94
2.50733137829912,2.944
2.43890518084066,2.948
2.39491691104594,2.952
2.84457478005865,2.956
2.86901270772239,2.96
2.86901270772239,2.964
2.86901270772239,2.968
2.85923753665689,2.972
2.85434995112414,2.976
2.8494623655914,2.98
2.84457478005865,2.984
2.83479960899316,2.988
2.82502443792766,2.992
2.29227761485826,2.996
2.23851417399804,3
2.20430107526882,3.004
2.1603128054741,3.008
2.67350928641251,3.012
2.67839687194526,3.016
2.67839687194526,3.02
2.66862170087977,3.024
2.66373411534702,3.028
2.65884652981427,3.032
2.65395894428152,3.036
2.64418377321603,3.04
2.13098729227761,3.044
2.06744868035191,3.048
2.03323558162268,3.052
1.99902248289345,3.056
1.95503421309873,3.06
2.45356793743891,3.064
2.4633431085044,3.068
2.4633431085044,3.072
2.45845552297165,3.076
2.45356793743891,3.08
2.44868035190616,3.084
2.44379276637341,3.088
1.94525904203324,3.092
1.87683284457478,3.096
1.83773216031281,3.1
1.79863147605083,3.104
1.76930596285435,3.108
1.73509286412512,3.112
2.19941348973607,3.116
2.21896383186706,3.12
2.21407624633431,3.124
2.20918866080156,3.128
2.20430107526882,3.132
2.19452590420332,3.136
2.19452590420332,3.14
1.64222873900293,3.144
1.59335288367546,3.148
1.544477028348,3.152
1.50537634408602,3.156
1.46627565982405,3.16
1.42228739002933,3.164
1.84261974584555,3.168
1.8475073313783,3.172
1.83773216031281,3.176
1.81818181818182,3.18
1.79863147605083,3.184
1.78885630498534,3.188
1.26588465298143,3.192
1.20234604105572,3.196
1.1485826001955,3.2
1.10459433040078,3.204
1.06060606060606,3.208
1.02150537634409,3.212
0.982404692082111,3.216
0.93841642228739,3.22
1.35386119257087,3.224
1.34408602150538,3.228
1.33431085043988,3.232
1.3147605083089,3.236
0.889540566959922,3.24
0.83088954056696,3.244
0.796676441837732,3.248
0.762463343108504,3.252
0.728250244379277,3.256
0.703812316715543,3.26
0.674486803519062,3.264
0.650048875855327,3.268
0.625610948191593,3.272
0.977517106549365,3.276
0.982404692082111,3.28
0.982404692082111,3.284
0.620723362658847,3.288
0.581622678396872,3.292
0.552297165200391,3.296
0.52297165200391,3.3
0.503421309872923,3.304
0.483870967741935,3.308
0.894428152492669,3.312
0.488758553274682,3.316
0.459433040078201,3.32
0.410557184750733,3.324
0.420332355816227,3.328
0.733137829912023,3.332
0.73802541544477,3.336
0.41544477028348,3.34
0.356793743890518,3.344
0.366568914956012,3.348
0.327468230694037,3.352
0.332355816226784,3.356
0.625610948191593,3.36
0.640273704789834,3.364
0.327468230694037,3.368
0.278592375366569,3.372
0.288367546432063,3.376
0.254154447702835,3.38
0.263929618768328,3.384
0.537634408602151,3.388
0.601173020527859,3.392
0.249266862170088,3.396
0.21505376344086,3.4
0.219941348973607,3.404
0.195503421309873,3.408
0.20039100684262,3.412
0.469208211143695,3.416
0.180840664711632,3.42
0.195503421309873,3.424
0.161290322580645,3.428
0.166177908113392,3.432
0.146627565982405,3.436
0.146627565982405,3.44
0.0782013685239492,3.444
0.131964809384164,3.448
0.141739980449658,3.452
0.122189638318671,3.456
0.117302052785924,3.46
0.102639296187683,3.464
0.102639296187683,3.468
0.0928641251221896,3.472
0.0928641251221896,3.476
0.102639296187683,3.48
0.0782013685239492,3.484
0.083088954056696,3.488
0.0684261974584555,3.492
0.0684261974584555,3.496
0.0635386119257087,3.5
0.0586510263929619,3.504
0.0684261974584555,3.508
0.0537634408602151,3.512
0.0537634408602151,3.516
0.0439882697947214,3.52
0.0391006842619746,3.524
0.0391006842619746,3.528
0.0342130987292278,3.532
0.0146627565982405,3.536
0.0342130987292278,3.54
0.0293255131964809,3.544
0.0244379276637341,3.548
0.0244379276637341,3.552
0.0195503421309873,3.556
0.0146627565982405,3.56
0.0146627565982405,3.564
0.0146627565982405,3.568
0.00977517106549365,3.572
0.00977517106549365,3.576
0.00488758553274682,3.58
0.00488758553274682,3.584
0.00488758553274682,3.588
0,3.592
0,3.596
0,3.6
0,3.604
0,3.608
0,3.612
0,3.616
0,3.62
0,3.624
0,3.628
0,3.632
0,3.636
0,3.64
0,3.644
0,3.648
0,3.652
0,3.656
0,3.66
0,3.664
0,3.668
0,3.672
0,3.676
0,3.68
0,3.684
0,3.688
0.00488758553274682,3.692
0.00488758553274682,3.696
0.00488758553274682,3.7
0.00977517106549365,3.704
0.00977517106549365,3.708
0.00977517106549365,3.712
0.0146627565982405,3.716
0.0146627565982405,3.72
0.0195503421309873,3.724
0.0195503421309873,3.728
0.0244379276637341,3.732
0.0244379276637341,3.736
0.00488758553274682,3.74
0.0439882697947214,3.744
0.0391006842619746,3.748
0.0439882697947214,3.752
0.0488758553274682,3.756
0.0439882697947214,3.76
0.0488758553274682,3.764
0.0537634408602151,3.768
0.312805474095797,3.772
0.0635386119257087,3.776
0.0733137829912024,3.78
0.0684261974584555,3.784
0.0782013685239492,3.788
0.0782013685239492,3.792
0.0879765395894428,3.796
0.00977517106549365,3.8
0.425219941348974,3.804
0.0977517106549365,3.808
0.112414467253177,3.812
0.10752688172043,3.816
0.122189638318671,3.82
0.117302052785924,3.824
0.131964809384164,3.828
0.420332355816227,3.832
0.136852394916911,3.836
0.161290322580645,3.84
0.146627565982405,3.844
0.166177908113392,3.848
0.156402737047898,3.852
0.171065493646139,3.856
0.469208211143695,3.86
0.190615835777126,3.864
0.219941348973607,3.868
0.20039100684262,3.872
0.224828934506354,3.876
0.210166177908113,3.88
0.234604105571848,3.884
0.527859237536657,3.888
0.571847507331378,3.892
0.288367546432063,3.896
0.259042033235582,3.9
0.288367546432063,3.904
0.268817204301075,3.908
0.298142717497556,3.912
0.6158357771261,3.916
0.650048875855327,3.92
0.366568914956012,3.924
0.327468230694037,3.928
0.361681329423265,3.932
0.342130987292278,3.936
0.376344086021505,3.94
0.713587487781036,3.944
0.747800586510264,3.948
0.464320625610948,3.952
0.405669599217986,3.956
0.449657869012708,3.96
0.425219941348974,3.964
0.469208211143695,3.968
0.821114369501466,3.972
0.860215053763441,3.976
0.933528836754643,3.98
0.557184750733138,3.984
0.557184750733138,3.988
0.566959921798632,3.992
0.576735092864125,3.996
0.581622678396872,4
0.596285434995112,4.004
0.606060606060606,4.008
0.6158357771261,4.012
0.625610948191593,4.016
1.04105571847507,4.02
1.08993157380254,4.024
1.13391984359726,4.028
1.18768328445748,4.032
0.806451612903226,4.036
0.806451612903226,4.04
0.811339198435973,4.044
0.826001955034213,4.048
0.840664711632454,4.052
0.855327468230694,4.056
0.874877810361681,4.06
0.889540566959922,4.064
1.33919843597263,4.068
1.39784946236559,4.072
1.45161290322581,4.076
1.50048875855327,4.08
1.54936461388074,4.084
1.158357771261,4.088
1.158357771261,4.092
1.16813294232649,4.096
1.18279569892473,4.1
1.20723362658847,4.104
1.2316715542522,4.108
1.25122189638319,4.112
1.74486803519062,4.116
1.82306940371456,4.12
1.89149560117302,4.124
1.95503421309873,4.128
2.01368523949169,4.132
2.07233626588465,4.136
2.13587487781036,4.14
1.65200391006843,4.144
1.65689149560117,4.148
1.67155425219941,4.152
1.6911045943304,4.156
1.70087976539589,4.16
2.19941348973607,4.164
2.26783968719453,4.168
2.31671554252199,4.172
2.35581622678397,4.176
2.3900293255132,4.18
2.41935483870968,4.184
2.45356793743891,4.188
2.47800586510264,4.192
1.98924731182796,4.196
1.96969696969697,4.2
1.96969696969697,4.204
1.96480938416422,4.208
1.95503421309873,4.212
2.49755620723363,4.216
2.54154447702835,4.22
2.57086999022483,4.224
2.60019550342131,4.228
2.62463343108504,4.232
2.64907135874878,4.236
2.67350928641251,4.24
2.69794721407625,4.244
2.21407624633431,4.248
2.18963831867058,4.252
2.17497556207234,4.256
2.17497556207234,4.26
2.68328445747801,4.264
2.72727272727273,4.268
2.75659824046921,4.272
2.78103616813294,4.276
2.80058651026393,4.28
2.82502443792766,4.284
2.8494623655914,4.288
2.86901270772239,4.292
2.88367546432063,4.296
2.41446725317693,4.3
2.3802541544477,4.304
2.36559139784946,4.308
2.8494623655914,4.312
2.89345063538612,4.316
2.92766373411535,4.32
2.94721407624633,4.324
2.96676441837732,4.328
2.98631476050831,4.332
3.00097751710655,4.336
3.02541544477028,4.34
3.03519061583578,4.344
3.04985337243402,4.348
2.59530791788856,4.352
2.55620723362659,4.356
2.5366568914956,4.36
3.04496578690127,4.364
3.069403714565,4.368
3.08895405669599,4.372
3.10361681329423,4.376
3.12316715542522,4.38
3.13294232649071,4.384
3.14760508308895,4.388
3.15738025415445,4.392
3.17204301075269,4.396
3.18181818181818,4.4
3.18181818181818,4.404
2.68328445747801,4.408
3.15738025415445,4.412
3.18181818181818,4.416
3.20136852394917,4.42
3.21114369501466,4.424
3.2258064516129,4.428
3.2355816226784,4.432
3.25024437927664,4.436
3.25513196480938,4.44
3.26979472140762,4.444
3.27468230694037,4.448
3.28934506353861,4.452
3.28445747800587,4.456
2.80058651026393,4.46
3.27956989247312,4.464
3.29912023460411,4.468
3.3088954056696,4.472
3.31378299120235,4.476
3.31867057673509,4.48
3.32844574780059,4.484
3.33333333333333,4.488
3.34799608993157,4.492
3.34799608993157,4.496
3.35777126099707,4.5
3.36265884652981,4.504
3.35777126099707,4.508
3.34799608993157,4.512
3.36754643206256,4.516
3.37243401759531,4.52
3.37732160312805,4.524
3.3822091886608,4.528
3.38709677419355,4.532
3.3919843597263,4.536
3.39687194525904,4.54
3.40175953079179,4.544
3.40664711632454,4.548
3.40664711632454,4.552
3.41153470185728,4.556
3.41642228739003,4.56
3.41153470185728,4.564
3.41642228739003,4.568
3.42130987292278,4.572
3.42619745845552,4.576
3.42619745845552,4.58
3.42619745845552,4.584
3.43108504398827,4.588
3.43108504398827,4.592
3.43108504398827,4.596
3.43597262952102,4.6
3.43597262952102,4.604
3.43597262952102,4.608
3.43108504398827,4.612
3.43108504398827,4.616
3.43597262952102,4.62
3.43108504398827,4.624
3.43597262952102,4.628
3.43597262952102,4.632
3.43597262952102,4.636
3.43597262952102,4.64
3.43597262952102,4.644
3.43597262952102,4.648
3.43597262952102,4.652
3.43597262952102,4.656
3.43597262952102,4.66
3.43108504398827,4.664
3.43597262952102,4.668
3.43108504398827,4.672
3.43108504398827,4.676
3.42619745845552,4.68
3.43108504398827,4.684
3.42130987292278,4.688
3.42130987292278,4.692
3.42130987292278,4.696
3.42130987292278,4.7
3.41642228739003,4.704
3.41642228739003,4.708
3.40175953079179,4.712
3.39687194525904,4.716
3.39687194525904,4.72
3.39687194525904,4.724
3.3919843597263,4.728
3.3919843597263,4.732
3.38709677419355,4.736
3.38709677419355,4.74
3.3822091886608,4.744
3.37732160312805,4.748
3.37732160312805,4.752
3.37243401759531,4.756
3.36265884652981,4.76
2.89833822091887,4.764
3.32844574780059,4.768
3.33822091886608,4.772
3.33333333333333,4.776
3.32844574780059,4.78
3.32355816226784,4.784
3.32355816226784,4.788
3.31867057673509,4.792
3.31378299120235,4.796
3.30400782013685,4.8
3.30400782013685,4.804
3.29912023460411,4.808
3.28445747800587,4.812
2.78103616813294,4.816
3.2355816226784,4.82
3.24046920821114,4.824
3.24535679374389,4.828
3.24046920821114,4.832
3.23069403714565,4.836
3.2258064516129,4.84
3.22091886608016,4.844
3.21114369501466,4.848
3.21114369501466,4.852
3.20136852394917,4.856
3.20136852394917,4.86
2.70772238514174,4.864
2.64907135874878,4.868
3.11339198435973,4.872
3.12805474095797,4.876
3.12316715542522,4.88
3.12316715542522,4.884
3.11827956989247,4.888
3.10850439882698,4.892
3.09872922776149,4.896
3.09384164222874,4.9
3.08895405669599,4.904
3.08406647116325,4.908
3.06451612903226,4.912
2.54643206256109,4.916
2.49755620723363,4.92
2.96676441837732,4.924
2.97653958944282,4.928
2.97653958944282,4.932
2.97165200391007,4.936
2.96676441837732,4.94
2.96187683284457,4.944
2.95698924731183,4.948
2.94232649071359,4.952
2.93743890518084,4.956
2.93743890518084,4.96
2.41446725317693,4.964
2.36070381231672,4.968
2.32160312805474,4.972
2.7761485826002,4.976
2.80058651026393,4.98
2.80058651026393,4.984
2.80058651026393,4.988
2.79081133919844,4.992
2.78592375366569,4.996
2.78103616813294,5
2.77126099706745,5.004
2.76148582600196,5.008
2.27272727272727,5.012
2.19941348973607,5.016
2.1603128054741,5.02
2.12121212121212,5.024
2.08211143695015,5.028
2.59530791788856,5.032
2.60508308895406,5.036
2.60019550342131,5.04
2.59530791788856,5.044
2.59042033235582,5.048
2.58553274682307,5.052
2.58064516129032,5.056
2.57086999022483,5.06
2.02834799608993,5.064
1.97947214076246,5.068
1.94525904203324,5.072
1.91104594330401,5.076
1.87683284457478,5.08
2.37047898338221,5.084
2.3802541544477,5.088
2.3802541544477,5.092
2.37536656891496,5.096
2.36559139784946,5.1
2.36070381231672,5.104
2.35581622678397,5.108
1.83284457478006,5.112
1.7741935483871,5.116
1.73509286412512,5.12
1.69599217986315,5.124
1.66177908113392,5.128
1.63245356793744,5.132
2.09677419354839,5.136
2.10654936461388,5.14
2.10166177908113,5.144
2.09188660801564,5.148
2.0772238514174,5.152
2.06256109481916,5.156
1.55425219941349,5.16
1.48582600195503,5.164
1.43695014662757,5.168
1.39296187683284,5.172
1.33919843597263,5.176
1.30009775171065,5.18
1.25122189638319,5.184
1.65200391006843,5.188
1.65689149560117,5.192
1.64222873900293,5.196
1.62267839687195,5.2
1.60312805474096,5.204
1.1485826001955,5.208
1.08015640273705,5.212
1.02639296187683,5.216
0.987292277614858,5.22
0.943304007820137,5.224
0.904203323558162,5.228
0.869990224828935,5.232
0.835777126099707,5.236
0.757575757575758,5.24
1.19257086999022,5.244
1.18768328445748,5.248
1.18279569892473,5.252
1.20234604105572,5.256
0.752688172043011,5.26
0.708699902248289,5.264
0.679374389051808,5.268
0.650048875855327,5.272
0.625610948191593,5.276
0.596285434995112,5.28
0.571847507331378,5.284
0.557184750733138,5.288
0.50830889540567,5.292
0.879765395894428,5.296
0.884652981427175,5.3
0.884652981427175,5.304
0.527859237536657,5.308
0.493646138807429,5.312
0.464320625610948,5.316
0.371456500488759,5.32
0.43010752688172,5.324
0.767350928641251,5.328
0.81622678396872,5.332
0.410557184750733,5.336
0.366568914956012,5.34
0.371456500488759,5.344
0.312805474095797,5.348
0.347018572825024,5.352
0.664711632453568,5.356
0.356793743890518,5.36
0.298142717497556,5.364
0.312805474095797,5.368
0.278592375366569,5.372
0.278592375366569,5.376
0.552297165200391,5.38
0.566959921798632,5.384
0.273704789833822,5.388
0.234604105571848,5.392
0.239491691104594,5.396
0.210166177908113,5.4
0.21505376344086,5.404
0.127077223851417,5.408
0.195503421309873,5.412
0.21505376344086,5.416
0.175953079178886,5.42
0.185728250244379,5.424
0.161290322580645,5.428
0.161290322580645,5.432
0.136852394916911,5.436
0.146627565982405,5.44
0.161290322580645,5.444
0.127077223851417,5.448
0.131964809384164,5.452
0.117302052785924,5.456
0.117302052785924,5.46
0.102639296187683,5.464
0.102639296187683,5.468
0.122189638318671,5.472
0.0928641251221896,5.476
0.0928641251221896,5.48
0.0782013685239492,5.484
0.0782013685239492,5.488
0.0684261974584555,5.492
0.0684261974584555,5.496
0.395894428152493,5.5
0.0586510263929619,5.504
0.0635386119257087,5.508
0.0488758553274682,5.512
0.0488758553274682,5.516
0.0439882697947214,5.52
0.0391006842619746,5.524
0.0146627565982405,5.528
0.0439882697947214,5.532
0.0342130987292278,5.536
0.0293255131964809,5.54
0.0293255131964809,5.544
0.0244379276637341,5.548
0.0195503421309873,5.552
0.0195503421309873,5.556
0.0195503421309873,5.56
0.0146627565982405,5.564
0.00977517106549365,5.568
0.00977517106549365,5.572
0.00977517106549365,5.576
0.00488758553274682,5.58
0.00488758553274682,5.584
0.00488758553274682,5.588
0,5.592
0,5.596
0,5.6
0,5.604
0,5.608
0,5.612
0,5.616
0,5.62
0,5.624
0,5.628
0,5.632
0,5.636
0,5.64
0,5.644
0,5.648
0,5.652
0,5.656
0,5.66
0,5.664
0,5.668
0,5.672
0,5.676
0,5.68
0,5.684
0,5.688
0,5.692
0.00488758553274682,5.696
0.00488758553274682,5.7
0.00977517106549365,5.704
0.00977517106549365,5.708
0.00977517106549365,5.712
0.0146627565982405,5.716
0.0146627565982405,5.72
0.0146627565982405,5.724
0.0195503421309873,5.728
0,5.732
0.0342130987292278,5.736
0.0342130987292278,5.74
0.0342130987292278,5.744
0.0391006842619746,5.748
0.0391006842619746,5.752
0.0488758553274682,5.756
0.0439882697947214,5.76
0,5.764
0.386119257086999,5.768
0.0586510263929619,5.772
0.0684261974584555,5.776
0.0635386119257087,5.78
0.0733137829912024,5.784
0.0684261974584555,5.788
0.083088954056696,5.792
0.366568914956012,5.796
0.0879765395894428,5.8
0.102639296187683,5.804
0.0928641251221896,5.808
0.10752688172043,5.812
0.10752688172043,5.816
0.117302052785924,5.82
0.395894428152493,5.824
0.127077223851417,5.828
0.151515151515152,5.832
0.136852394916911,5.836
0.151515151515152,5.84
0.146627565982405,5.844
0.161290322580645,5.848
0.439882697947214,5.852
0.171065493646139,5.856
0.205278592375367,5.86
0.185728250244379,5.864
0.205278592375367,5.868
0.195503421309873,5.872
0.21505376344086,5.876
0.498533724340176,5.88
0.542521994134897,5.884
0.268817204301075,5.888
0.239491691104594,5.892
0.268817204301075,5.896
0.254154447702835,5.9
0.278592375366569,5.904
0.576735092864125,5.908
0.625610948191593,5.912
0.356793743890518,5.916
0.30791788856305,5.92
0.342130987292278,5.924
0.32258064516129,5.928
0.351906158357771,5.932
0.674486803519062,5.936
0.713587487781036,5.94
0.796676441837732,5.944
0.425219941348974,5.948
0.391006842619746,5.952
0.43010752688172,5.956
0.733137829912023,5.96
0.786901270772238,5.964
0.826001955034213,5.968
0.904203323558162,5.972
0.527859237536657,5.976
0.52297165200391,5.98
0.532746823069404,5.984
0.542521994134897,5.988
0.552297165200391,5.992
0.562072336265885,5.996
0.571847507331378,6
0.581622678396872,6.004
0.547409579667644,6.008
0.997067448680352,6.012
1.04594330400782,6.016
1.08504398826979,6.02
1.12903225806452,6.024
0.762463343108504,6.028
0.762463343108504,6.032
0.772238514173998,6.036
0.782013685239492,6.04
0.796676441837732,6.044
0.811339198435973,6.048
0.826001955034213,6.052
0.840664711632454,6.056
1.28054740957967,6.06
1.33919843597263,6.064
1.3880742913001,6.068
1.43695014662757,6.072
1.48582600195503,6.076
1.08993157380254,6.08
1.09481915933529,6.084
1.10459433040078,6.088
1.12414467253177,6.092
1.13880742913001,6.096
1.16324535679374,6.1
1.18279569892473,6.104
1.66177908113392,6.108
1.73998044965787,6.112
1.80351906158358,6.116
1.86217008797654,6.12
1.9208211143695,6.124
1.98435972629521,6.128
1.57380254154448,6.132
1.56891495601173,6.136
1.58357771260997,6.14
1.60312805474096,6.144
1.62267839687195,6.148
1.64222873900293,6.152
1.64222873900293,6.156
2.20918866080156,6.16
2.26295210166178,6.164
2.30205278592375,6.168
2.34115347018573,6.172
2.3802541544477,6.176
2.41446725317693,6.18
2.44379276637341,6.184
1.94525904203324,6.188
1.93548387096774,6.192
1.930596285435,6.196
1.930596285435,6.2
1.9208211143695,6.204
2.45845552297165,6.208
2.50733137829912,6.212
2.5366568914956,6.216
2.57086999022483,6.22
2.59042033235582,6.224
2.6197458455523,6.228
2.63929618768328,6.232
2.66862170087977,6.236
2.17497556207234,6.24
2.15542521994135,6.244
2.14565004887586,6.248
2.14076246334311,6.252
2.64418377321603,6.256
2.6930596285435,6.26
2.72238514173998,6.264
2.75171065493646,6.268
2.7761485826002,6.272
2.79569892473118,6.276
2.81524926686217,6.28
2.8396871945259,6.284
2.85923753665689,6.288
2.3802541544477,6.292
2.34604105571848,6.296
2.33626588465298,6.3
2.81524926686217,6.304
2.86901270772239,6.308
2.89833822091887,6.312
2.9227761485826,6.316
2.94232649071359,6.32
2.96187683284457,6.324
2.97653958944282,6.328
2.9960899315738,6.332
3.01075268817204,6.336
3.03030303030303,6.34
2.56598240469208,6.344
2.52688172043011,6.348
2.50733137829912,6.352
3.02052785923754,6.356
3.04985337243402,6.36
3.069403714565,6.364
3.08406647116325,6.368
3.09872922776149,6.372
3.11339198435973,6.376
3.12805474095797,6.38
3.13782991202346,6.384
3.1524926686217,6.388
3.16226783968719,6.392
3.16715542521994,6.396
2.66373411534702,6.4
3.13294232649071,6.404
3.16226783968719,6.408
3.18181818181818,6.412
3.19159335288368,6.416
3.20625610948192,6.42
3.22091886608016,6.424
3.23069403714565,6.428
3.24046920821114,6.432
3.25513196480938,6.436
3.26001955034213,6.44
3.27468230694037,6.444
3.26979472140762,6.448
2.78103616813294,6.452
3.26490713587488,6.456
3.27956989247312,6.46
3.29423264907136,6.464
3.29912023460411,6.468
3.31378299120235,6.472
3.31867057673509,6.476
3.32355816226784,6.48
3.33333333333333,6.484
3.33822091886608,6.488
3.34310850439883,6.492
3.35288367546432,6.496
3.34310850439883,6.5
3.33822091886608,6.504
3.35777126099707,6.508
3.36265884652981,6.512
3.37243401759531,6.516
3.37732160312805,6.52
3.3822091886608,6.524
3.38709677419355,6.528
3.3919843597263,6.532
3.39687194525904,6.536
3.39687194525904,6.54
3.40664711632454,6.544
3.40175953079179,6.548
2.95698924731183,6.552
3.40175953079179,6.556
3.41153470185728,6.56
3.41642228739003,6.564
3.41642228739003,6.568
3.42130987292278,6.572
3.42619745845552,6.576
3.43108504398827,6.58
3.42619745845552,6.584
3.42619745845552,6.588
3.43108504398827,6.592
3.43108504398827,6.596
3.43597262952102,6.6
3.42619745845552,6.604
3.43597262952102,6.608
3.43108504398827,6.612
3.43597262952102,6.616
3.43597262952102,6.62
3.43597262952102,6.624
3.43597262952102,6.628
3.43597262952102,6.632
3.43597262952102,6.636
3.43597262952102,6.64
3.43597262952102,6.644
3.43597262952102,6.648
3.43597262952102,6.652
3.43108504398827,6.656
3.43597262952102,6.66
3.43597262952102,6.664
3.43108504398827,6.668
3.43108504398827,6.672
3.43108504398827,6.676
3.42619745845552,6.68
3.43108504398827,6.684
3.42619745845552,6.688
3.42619745845552,6.692
3.42130987292278,6.696
3.42130987292278,6.7
3.40664711632454,6.704
3.40664711632454,6.708
3.40175953079179,6.712
3.40664711632454,6.716
3.39687194525904,6.72
3.39687194525904,6.724
3.3919843597263,6.728
3.3919843597263,6.732
3.38709677419355,6.736
3.38709677419355,6.74
3.3822091886608,6.744
3.3822091886608,6.748
3.37732160312805,6.752
2.90811339198436,6.756
3.34310850439883,6.76
3.34799608993157,6.764
3.34310850439883,6.768
3.34310850439883,6.772
3.33822091886608,6.776
3.33333333333333,6.78
3.33333333333333,6.784
3.32844574780059,6.788
3.31867057673509,6.792
3.31378299120235,6.796
3.3088954056696,6.8
3.29423264907136,6.804
2.80058651026393,6.808
3.25513196480938,6.812
3.26001955034213,6.816
3.26001955034213,6.82
3.25513196480938,6.824
3.25513196480938,6.828
3.24535679374389,6.832
3.2355816226784,6.836
3.23069403714565,6.84
3.2258064516129,6.844
3.21603128054741,6.848
3.21603128054741,6.852
2.72727272727273,6.856
2.67350928641251,6.86
3.13294232649071,6.864
3.14760508308895,6.868
3.14760508308895,6.872
3.14271749755621,6.876
3.13294232649071,6.88
3.13294232649071,6.884
3.12316715542522,6.888
3.11827956989247,6.892
3.10850439882698,6.896
3.10361681329423,6.9
3.08895405669599,6.904
2.57575757575758,6.908
2.52199413489736,6.912
2.99120234604106,6.916
3.0058651026393,6.92
3.0058651026393,6.924
2.9960899315738,6.928
2.99120234604106,6.932
2.98631476050831,6.936
2.98142717497556,6.94
2.97165200391007,6.944
2.96676441837732,6.948
2.95698924731183,6.952
2.44379276637341,6.956
2.3900293255132,6.96
2.35092864125122,6.964
2.81036168132942,6.968
2.82991202346041,6.972
2.82991202346041,6.976
2.82991202346041,6.98
2.82013685239492,6.984
2.82013685239492,6.988
2.81036168132942,6.992
2.80547409579668,6.996
2.79081133919844,7
2.30205278592375,7.004
2.22873900293255,7.008
2.18963831867058,7.012
2.1505376344086,7.016
2.11143695014663,7.02
2.62952101661779,7.024
2.63440860215054,7.028
2.63440860215054,7.032
2.62952101661779,7.036
2.6197458455523,7.04
2.61485826001955,7.044
2.6099706744868,7.048
2.60019550342131,7.052
2.06256109481916,7.056
2.01857282502444,7.06
1.97458455522972,7.064
1.94525904203324,7.068
1.89638318670577,7.072
2.40469208211144,7.076
2.41446725317693,7.08
2.41446725317693,7.084
2.40957966764418,7.088
2.40469208211144,7.092
2.39491691104594,7.096
2.39491691104594,7.1
1.86705767350929,7.104
1.81818181818182,7.108
1.77908113391984,7.112
1.73998044965787,7.116
1.71065493646139,7.12
1.67644183773216,7.124
2.14565004887586,7.128
2.15542521994135,7.132
2.15542521994135,7.136
2.14565004887586,7.14
2.13098729227761,7.144
2.12121212121212,7.148
1.6177908113392,7.152
1.55913978494624,7.156
1.50048875855327,7.16
1.45650048875855,7.164
1.40762463343109,7.168
1.36363636363636,7.172
1.32453567937439,7.176
1.73998044965787,7.18
1.73509286412512,7.184
1.72043010752688,7.188
1.70087976539589,7.192
1.68132942326491,7.196
1.22189638318671,7.2
1.1485826001955,7.204
1.08993157380254,7.208
1.05083088954057,7.212
1.00684261974585,7.216
0.967741935483871,7.22
0.928641251221896,7.224
0.889540566959922,7.228
0.811339198435973,7.232
1.25610948191593,7.236
1.25122189638319,7.24
1.23655913978495,7.244
1.24633431085044,7.248
0.796676441837732,7.252
0.752688172043011,7.256
0.72336265884653,7.26
0.689149560117302,7.264
0.664711632453568,7.268
0.640273704789834,7.272
0.610948191593353,7.276
0.586510263929619,7.28
0.547409579667644,7.284
0.918866080156403,7.288
0.92375366568915,7.292
0.92375366568915,7.296
0.562072336265885,7.3
0.52297165200391,7.304
0.498533724340176,7.308
0.474095796676442,7.312
0.796676441837732,7.316
0.801564027370479,7.32
0.474095796676442,7.324
0.405669599217986,7.328
0.420332355816227,7.332
0.376344086021505,7.336
0.381231671554252,7.34
0.684261974584555,7.344
0.694037145650049,7.348
0.376344086021505,7.352
0.32258064516129,7.356
0.327468230694037,7.36
0.298142717497556,7.364
0.303030303030303,7.368
0.591397849462366,7.372
0.601173020527859,7.376
0.288367546432063,7.38
0.249266862170088,7.384
0.254154447702835,7.388
0.224828934506354,7.392
0.229716520039101,7.396
0.50830889540567,7.4
0.571847507331378,7.404
0.219941348973607,7.408
0.190615835777126,7.412
0.195503421309873,7.416
0.171065493646139,7.42
0.175953079178886,7.424
0.439882697947214,7.428
0.156402737047898,7.432
0.171065493646139,7.436
0.141739980449658,7.44
0.141739980449658,7.444
0.127077223851417,7.448
0.127077223851417,7.452
0.0586510263929619,7.456
0.117302052785924,7.46
0.122189638318671,7.464
0.102639296187683,7.468
0.102639296187683,7.472
0.0928641251221896,7.476
0.0879765395894428,7.48
0.0782013685239492,7.484
0.0782013685239492,7.488
0.083088954056696,7.492
0.0684261974584555,7.496
0.0684261974584555,7.5
0.0586510263929619,7.504
0.0586510263929619,7.508
0.0537634408602151,7.512
0.0488758553274682,7.516
0.0537634408602151,7.52
0.0391006842619746,7.524
0.0391006842619746,7.528
0.0342130987292278,7.532
0.0293255131964809,7.536
0.0244379276637341,7.54
0.0244379276637341,7.544
0,7.548
0.0244379276637341,7.552
0.0195503421309873,7.556
0.0195503421309873,7.56
0.0146627565982405,7.564
0.0146627565982405,7.568
0.00977517106549365,7.572
0.00977517106549365,7.576
0.00488758553274682,7.58
0.00488758553274682,7.584
0.00488758553274682,7.588
0,7.592
0,7.596
0,7.6
0,7.604
0,7.608
0,7.612
0,7.616
0,7.62
0,7.624
0,7.628
0,7.632
0,7.636
0,7.64
0,7.644
0,7.648
0,7.652
0,7.656
0,7.66
0,7.664
0,7.668
0,7.672
0,7.676
0,7.68
0,7.684
0.00488758553274682,7.688
0.00488758553274682,7.692
0.00488758553274682,7.696
0.00488758553274682,7.7
0.00977517106549365,7.704
0.00977517106549365,7.708
0.0146627565982405,7.712
0.0146627565982405,7.716
0.0195503421309873,7.72
0.0195503421309873,7.724
0.0195503421309873,7.728
0.0244379276637341,7.732
0.0244379276637341,7.736
0.0293255131964809,7.74
0.0293255131964809,7.744
0.0342130987292278,7.748
0,7.752
0.0635386119257087,7.756
0.0439882697947214,7.76
0.0488758553274682,7.764
0.0537634408602151,7.768
0.0537634408602151,7.772
0.0635386119257087,7.776
0.0635386119257087,7.78
0.0733137829912024,7.784
0.0928641251221896,7.788
0.0782013685239492,7.792
0.0928641251221896,7.796
0.0879765395894428,7.8
0.0977517106549365,7.804
0.0928641251221896,7.808
0.10752688172043,7.812
0.464320625610948,7.816
0.117302052785924,7.82
0.131964809384164,7.824
0.127077223851417,7.828
0.136852394916911,7.832
0.131964809384164,7.836
0.146627565982405,7.84
0.444770283479961,7.844
0.156402737047898,7.848
0.180840664711632,7.852
0.166177908113392,7.856
0.185728250244379,7.86
0.180840664711632,7.864
0.20039100684262,7.868
0.50830889540567,7.872
0.249266862170088,7.876
0.21505376344086,7.88
0.239491691104594,7.884
0.229716520039101,7.888
0.249266862170088,7.892
0.532746823069404,7.896
0.576735092864125,7.9
0.659824046920821,7.904
0.30791788856305,7.908
0.288367546432063,7.912
0.317693059628543,7.916
0.303030303030303,7.92
0.327468230694037,7.924
0.664711632453568,7.928
0.73802541544477,7.932
0.395894428152493,7.936
0.356793743890518,7.94
0.395894428152493,7.944
0.32258064516129,7.948
0.405669599217986,7.952
0.767350928641251,7.956
0.801564027370479,7.96
0.493646138807429,7.964
0.483870967741935,7.968
0.454545454545455,7.972
0.498533724340176,7.976
0.50830889540567,7.98
0.518084066471163,7.984
0.527859237536657,7.988
0.537634408602151,7.992
0.547409579667644,7.996
0.50830889540567,8
0.962854349951124,8.004
1.00684261974585,8.008
1.04594330400782,8.012
1.12414467253177,8.016
0.713587487781036,8.02
0.718475073313783,8.024
0.728250244379277,8.028
0.73802541544477,8.032
0.752688172043011,8.036
0.762463343108504,8.04
0.777126099706745,8.044
0.782013685239492,8.048
1.2316715542522,8.052
1.29032258064516,8.056
1.33431085043988,8.06
1.38318670576735,8.064
1.45161290322581,8.068
1.02150537634409,8.072
1.02639296187683,8.076
1.03616813294233,8.08
1.06060606060606,8.084
1.08015640273705,8.088
1.09481915933529,8.092
1.11436950146628,8.096
1.59335288367546,8.1
1.67155425219941,8.104
1.72531769305963,8.108
1.78885630498534,8.112
1.84261974584555,8.116
1.89638318670577,8.12
1.47116324535679,8.124
1.48093841642229,8.128
1.49560117302053,8.132
1.52492668621701,8.136
1.544477028348,8.14
1.57380254154448,8.144
2.07233626588465,8.148
2.1505376344086,8.152
2.20918866080156,8.156
2.25317693059629,8.16
2.29716520039101,8.164
2.33626588465298,8.168
2.37047898338221,8.172
1.92570869990225,8.176
1.89638318670577,8.18
1.89638318670577,8.184
1.88660801564027,8.188
1.89149560117302,8.192
1.87683284457478,8.196
2.42913000977517,8.2
2.47311827956989,8.204
2.50733137829912,8.208
2.53176930596285,8.212
2.56109481915934,8.216
2.58553274682307,8.22
2.61485826001955,8.224
2.63440860215054,8.228
2.13098729227761,8.232
2.11632453567937,8.236
2.10654936461388,8.24
2.09677419354839,8.244
2.6197458455523,8.248
2.66373411534702,8.252
2.6930596285435,8.256
2.72238514173998,8.26
2.74682306940371,8.264
2.77126099706745,8.268
2.79081133919844,8.272
2.81036168132942,8.276
2.82502443792766,8.28
2.33137829912023,8.284
2.31671554252199,8.288
2.30205278592375,8.292
2.79081133919844,8.296
2.8396871945259,8.3
2.86901270772239,8.304
2.89345063538612,8.308
2.91788856304985,8.312
2.93255131964809,8.316
2.95210166177908,8.32
2.97165200391007,8.324
2.99120234604106,8.328
3.0058651026393,8.332
2.52199413489736,8.336
2.49266862170088,8.34
2.47311827956989,8.344
2.9960899315738,8.348
3.02541544477028,8.352
3.04496578690127,8.356
3.05962854349951,8.36
3.0791788856305,8.364
3.08895405669599,8.368
3.10361681329423,8.372
3.12316715542522,8.376
3.13294232649071,8.38
3.1524926686217,8.384
2.67350928641251,8.388
2.63440860215054,8.392
3.12316715542522,8.396
3.14760508308895,8.4
3.16226783968719,8.404
3.18181818181818,8.408
3.18670576735093,8.412
3.20136852394917,8.416
3.21114369501466,8.42
3.2258064516129,8.424
3.2355816226784,8.428
3.24535679374389,8.432
3.26001955034213,8.436
2.79081133919844,8.44
3.22091886608016,8.444
3.25024437927664,8.448
3.26490713587488,8.452
3.27956989247312,8.456
3.28445747800587,8.46
3.29912023460411,8.464
3.3088954056696,8.468
3.31867057673509,8.472
3.32355816226784,8.476
3.32844574780059,8.48
3.33822091886608,8.484
3.34310850439883,8.488
2.87878787878788,8.492
3.32844574780059,8.496
3.34310850439883,8.5
3.35288367546432,8.504
3.36265884652981,8.508
3.36754643206256,8.512
3.37243401759531,8.516
3.37732160312805,8.52
3.3822091886608,8.524
3.38709677419355,8.528
3.3919843597263,8.532
3.39687194525904,8.536
3.39687194525904,8.54
2.93743890518084,8.544
3.39687194525904,8.548
3.40664711632454,8.552
3.40664711632454,8.556
3.41642228739003,8.56
3.41642228739003,8.564
3.41642228739003,8.568
3.42130987292278,8.572
3.42130987292278,8.576
3.42619745845552,8.58
3.42619745845552,8.584
3.43108504398827,8.588
3.43108504398827,8.592
3.43108504398827,8.596
3.43108504398827,8.6
3.43597262952102,8.604
3.43597262952102,8.608
3.43597262952102,8.612
3.43597262952102,8.616
3.43108504398827,8.62
3.43597262952102,8.624
3.43597262952102,8.628
3.43597262952102,8.632
3.43597262952102,8.636
3.43597262952102,8.64
3.43597262952102,8.644
3.43597262952102,8.648
3.43108504398827,8.652
3.43597262952102,8.656
3.43108504398827,8.66
3.43597262952102,8.664
3.43108504398827,8.668
3.43597262952102,8.672
3.43108504398827,8.676
3.43108504398827,8.68
3.43108504398827,8.684
3.42619745845552,8.688
3.42130987292278,8.692
3.42130987292278,8.696
3.41153470185728,8.7
3.41642228739003,8.704
3.41153470185728,8.708
3.41153470185728,8.712
3.40664711632454,8.716
3.40664711632454,8.72
3.40175953079179,8.724
3.39687194525904,8.728
3.39687194525904,8.732
3.3919843597263,8.736
3.38709677419355,8.74
3.38709677419355,8.744
2.90322580645161,8.748
3.35777126099707,8.752
3.36265884652981,8.756
3.35777126099707,8.76
3.35288367546432,8.764
3.34799608993157,8.768
3.34310850439883,8.772
3.34310850439883,8.776
3.33333333333333,8.78
3.33333333333333,8.784
3.32844574780059,8.788
3.32355816226784,8.792
3.30400782013685,8.796
2.80547409579668,8.8
3.27468230694037,8.804
3.27956989247312,8.808
3.27468230694037,8.812
3.26979472140762,8.816
3.26490713587488,8.82
3.26001955034213,8.824
3.25513196480938,8.828
3.25024437927664,8.832
3.24535679374389,8.836
3.24046920821114,8.84
3.23069403714565,8.844
2.73216031280547,8.848
2.68328445747801,8.852
3.16226783968719,8.856
3.16715542521994,8.86
3.16226783968719,8.864
3.16226783968719,8.868
3.15738025415445,8.872
3.14760508308895,8.876
3.14271749755621,8.88
3.13782991202346,8.884
3.13294232649071,8.888
3.12316715542522,8.892
3.10850439882698,8.896
2.58064516129032,8.9
2.54154447702835,8.904
3.02541544477028,8.908
3.03030303030303,8.912
3.03030303030303,8.916
3.02052785923754,8.92
3.02052785923754,8.924
3.01075268817204,8.928
3.0058651026393,8.932
2.9960899315738,8.936
2.99120234604106,8.94
2.97653958944282,8.944
2.45845552297165,8.948
2.40469208211144,8.952
2.36559139784946,8.956
2.85434995112414,8.96
2.85923753665689,8.964
2.86412512218964,8.968
2.85923753665689,8.972
2.8494623655914,8.976
2.84457478005865,8.98
2.8396871945259,8.984
2.82991202346041,8.988
2.82013685239492,8.992
2.32160312805474,8.996
2.25317693059629,9
2.21407624633431,9.004
2.17986314760508,9.008
2.65395894428152,9.012
2.66862170087977,9.016
2.66862170087977,9.02
2.66373411534702,9.024
2.66373411534702,9.028
2.65395894428152,9.032
2.64907135874878,9.036
2.63929618768328,9.04
2.1603128054741,9.044
2.09188660801564,9.048
2.04301075268817,9.052
2.00879765395894,9.056
1.97458455522972,9.06
2.42913000977517,9.064
2.44868035190616,9.068
2.45845552297165,9.072
2.44868035190616,9.076
2.44868035190616,9.08
2.43890518084066,9.084
2.43890518084066,9.088
2.42913000977517,9.092
1.90127077223851,9.096
1.85239491691105,9.1
1.81329423264907,9.104
1.7741935483871,9.108
1.74486803519062,9.112
1.6911045943304,9.116
2.19941348973607,9.12
2.20430107526882,9.124
2.20430107526882,9.128
2.19941348973607,9.132
2.18963831867058,9.136
2.17986314760508,9.14
1.66666666666667,9.144
1.60312805474096,9.148
1.55425219941349,9.152
1.51515151515152,9.156
1.47116324535679,9.16
1.43206256109482,9.164
1.3782991202346,9.168
1.83284457478006,9.172
1.82795698924731,9.176
1.81329423264907,9.18
1.78885630498534,9.184
1.7644183773216,9.188
1.28543499511241,9.192
1.21700879765396,9.196
1.158357771261,9.2
1.10948191593353,9.204
1.07038123167155,9.208
1.02639296187683,9.212
0.987292277614858,9.216
0.948191593352884,9.22
1.32942326490714,9.224
1.32942326490714,9.228
1.31964809384164,9.232
1.30987292277615,9.236
1.32453567937439,9.24
0.8455522971652,9.244
0.801564027370479,9.248
0.762463343108504,9.252
0.733137829912023,9.256
0.703812316715543,9.26
0.679374389051808,9.264
0.654936461388074,9.268
0.625610948191593,9.272
0.957966764418377,9.276
0.972629521016618,9.28
0.972629521016618,9.284
0.972629521016618,9.288
0.591397849462366,9.292
0.557184750733138,9.296
0.527859237536657,9.3
0.50830889540567,9.304
0.483870967741935,9.308
0.840664711632454,9.312
0.498533724340176,9.316
0.464320625610948,9.32
0.41544477028348,9.324
0.425219941348974,9.328
0.713587487781036,9.332
0.728250244379277,9.336
0.777126099706745,9.34
0.386119257086999,9.344
0.342130987292278,9.348
0.351906158357771,9.352
0.317693059628543,9.356
0.32258064516129,9.36
0.63049853372434,9.364
0.347018572825024,9.368
0.283479960899316,9.372
0.288367546432063,9.376
0.259042033235582,9.38
0.263929618768328,9.384
0.175953079178886,9.388
0.239491691104594,9.392
0.610948191593353,9.396
0.239491691104594,9.4
0.205278592375367,9.404
0.210166177908113,9.408
0.190615835777126,9.412
0.190615835777126,9.416
0.469208211143695,9.42
0.175953079178886,9.424
0.180840664711632,9.428
0.156402737047898,9.432
0.156402737047898,9.436
0.141739980449658,9.44
0.136852394916911,9.444
0.0488758553274682,9.448
0.127077223851417,9.452
0.131964809384164,9.456
0.112414467253177,9.46
0.117302052785924,9.464
0.0977517106549365,9.468
0.0977517106549365,9.472
0.0782013685239492,9.476
0.0879765395894428,9.48
0.0928641251221896,9.484
0.0782013685239492,9.488
0.0782013685239492,9.492
0.0635386119257087,9.496
0.0635386119257087,9.5
0.0586510263929619,9.504
0.0586510263929619,9.508
0.0586510263929619,9.512
0.0488758553274682,9.516
0.0488758553274682,9.52
0.0391006842619746,9.524
0.0391006842619746,9.528
0.0342130987292278,9.532
0.0293255131964809,9.536
0.342130987292278,9.54
0.0244379276637341,9.544
0.0244379276637341,9.548
0.0195503421309873,9.552
0.0195503421309873,9.556
0.0146627565982405,9.56
0.0146627565982405,9.564
0.00977517106549365,9.568
0.00488758553274682,9.572
0.00977517106549365,9.576
0.00488758553274682,9.58
0.00488758553274682,9.584
0.00488758553274682,9.588
0.00488758553274682,9.592
0,9.596
0,9.6
0,9.604
0,9.608
0,9.612
0,9.616
0,9.62
0,9.624
0,9.628
0,9.632
0,9.636
0,9.64
0,9.644
0,9.648
0,9.652
0,9.656
0,9.66
0,9.664
0,9.668
0,9.672
0,9.676
0,9.68
0,9.684
0,9.688
0.00488758553274682,9.692
0.00488758553274682,9.696
0.00488758553274682,9.7
0.00488758553274682,9.704
0,9.708
0.0146627565982405,9.712
0.0146627565982405,9.716
0.0146627565982405,9.72
0.0195503421309873,9.724
0.0244379276637341,9.728
0.0244379276637341,9.732
0.0293255131964809,9.736
0.0342130987292278,9.74
0.0342130987292278,9.744
0.0342130987292278,9.748
0.0391006842619746,9.752
0.0439882697947214,9.756
0.0439882697947214,9.76
0.0488758553274682,9.764
0.0537634408602151,9.768
0.0391006842619746,9.772
0.376344086021505,9.776
0.0684261974584555,9.78
0.0782013685239492,9.784
0.0733137829912024,9.788
0.083088954056696,9.792
0.0782013685239492,9.796
0.0928641251221896,9.8
0.356793743890518,9.804
0.0977517106549365,9.808
0.117302052785924,9.812
0.10752688172043,9.816
0.122189638318671,9.82
0.117302052785924,9.824
0.131964809384164,9.828
0.400782013685239,9.832
0.136852394916911,9.836
0.166177908113392,9.84
0.146627565982405,9.844
0.166177908113392,9.848
0.156402737047898,9.852
0.175953079178886,9.856
0.449657869012708,9.86
0.190615835777126,9.864
0.229716520039101,9.868
0.20039100684262,9.872
0.224828934506354,9.876
0.210166177908113,9.88
0.234604105571848,9.884
0.156402737047898,9.888
0.244379276637341,9.892
0.620723362658847,9.896
0.293255131964809,9.9
0.268817204301075,9.904
0.293255131964809,9.908
0.278592375366569,9.912
0.30791788856305,9.916
0.635386119257087,9.92
0.669599217986315,9.924
0.376344086021505,9.928
0.337243401759531,9.932
0.371456500488759,9.936
0.351906158357771,9.94
0.386119257086999,9.944
0.728250244379277,9.948
0.767350928641251,9.952
0.464320625610948,9.956
0.420332355816227,9.96
0.464320625610948,9.964
0.43010752688172,9.968
0.478983382209189,9.972
0.840664711632454,9.976
0.884652981427175,9.98
0.962854349951124,9.984
0.571847507331378,9.988
0.571847507331378,9.992
0.581622678396872,9.996
0.586510263929619,10
0.601173020527859,10.004
0.610948191593353,10.008
0.620723362658847,10.012
0.63049853372434,10.016
1.01661779081134,10.02
1.07038123167155,10.024
1.11925708699902,10.028
1.158357771261,10.032
1.2316715542522,10.036
0.821114369501466,10.04
0.826001955034213,10.044
0.835777126099707,10.048
0.850439882697947,10.052
0.865102639296188,10.056
0.879765395894428,10.06
0.894428152492669,10.064
0.869990224828935,10.068
1.38318670576735,10.072
1.43695014662757,10.076
1.49071358748778,10.08
1.53958944281525,10.084
1.58846529814272,10.088
1.18279569892473,10.092
1.18279569892473,10.096
1.19745845552297,10.1
1.21700879765396,10.104
1.24144672531769,10.108
1.26099706744868,10.112
1.28543499511241,10.116
1.79863147605083,10.12
1.87683284457478,10.124
1.94037145650049,10.128
2.0039100684262,10.132
2.06256109481916,10.136
2.11632453567937,10.14
1.68621700879765,10.144
1.67644183773216,10.148
1.68621700879765,10.152
1.70087976539589,10.156
1.71554252199413,10.16
1.73020527859238,10.164
2.24340175953079,10.168
2.30205278592375,10.172
2.34604105571848,10.176
2.3802541544477,10.18
2.41446725317693,10.184
2.44379276637341,10.188
2.47311827956989,10.192
2.50244379276637,10.196
1.99902248289345,10.2
1.98924731182796,10.204
1.98435972629521,10.208
1.98435972629521,10.212
2.4633431085044,10.216
2.52688172043011,10.22
2.56109481915934,10.224
2.59042033235582,10.228
2.6197458455523,10.232
2.64418377321603,10.236
2.66862170087977,10.24
2.68817204301075,10.244
2.71260997067449,10.248
2.21896383186706,10.252
2.19452590420332,10.256
2.18963831867058,10.26
2.17497556207234,10.264
2.70772238514174,10.268
2.74682306940371,10.272
2.77126099706745,10.276
2.79569892473118,10.28
2.82013685239492,10.284
2.8396871945259,10.288
2.86412512218964,10.292
2.88367546432063,10.296
2.90322580645161,10.3
2.40957966764418,10.304
2.3900293255132,10.308
2.37536656891496,10.312
2.87390029325513,10.316
2.91788856304985,10.32
2.94232649071359,10.324
2.96187683284457,10.328
2.98142717497556,10.332
3.00097751710655,10.336
3.02052785923754,10.34
3.03030303030303,10.344
3.04985337243402,10.348
3.06451612903226,10.352
2.59530791788856,10.356
2.55620723362659,10.36
3.01564027370479,10.364
3.05474095796676,10.368
3.08406647116325,10.372
3.10361681329423,10.376
3.11827956989247,10.38
3.13294232649071,10.384
3.14760508308895,10.388
3.15738025415445,10.392
3.16715542521994,10.396
3.17693059628543,10.4
3.19159335288368,10.404
2.72238514173998,10.408
2.68817204301075,10.412
3.17204301075269,10.416
3.19159335288368,10.42
3.20625610948192,10.424
3.2258064516129,10.428
3.2355816226784,10.432
3.24535679374389,10.436
3.25513196480938,10.44
3.26979472140762,10.444
3.27468230694037,10.448
3.28934506353861,10.452
3.29423264907136,10.456
2.83479960899316,10.46
3.26490713587488,10.464
3.29423264907136,10.468
3.3088954056696,10.472
3.31378299120235,10.476
3.32355816226784,10.48
3.32844574780059,10.484
3.33822091886608,10.488
3.34310850439883,10.492
3.34799608993157,10.496
3.35288367546432,10.5
3.36265884652981,10.504
3.36754643206256,10.508
2.91300097751711,10.512
3.36265884652981,10.516
3.37243401759531,10.52
3.37732160312805,10.524
3.3822091886608,10.528
3.38709677419355,10.532
3.3919843597263,10.536
3.39687194525904,10.54
3.40175953079179,10.544
3.40175953079179,10.548
3.40664711632454,10.552
3.41642228739003,10.556
3.41642228739003,10.56
2.96187683284457,10.564
3.41153470185728,10.568
3.42130987292278,10.572
3.42130987292278,10.576
3.42619745845552,10.58
3.42619745845552,10.584
3.42619745845552,10.588
3.43108504398827,10.592
3.43597262952102,10.596
3.43597262952102,10.6
3.43597262952102,10.604
3.43597262952102,10.608
3.44086021505376,10.612
3.43108504398827,10.616
3.43597262952102,10.62
3.43108504398827,10.624
3.43597262952102,10.628
3.43597262952102,10.632
3.43597262952102,10.636
3.43597262952102,10.64
3.43597262952102,10.644
3.43597262952102,10.648
3.43597262952102,10.652
3.43597262952102,10.656
3.43597262952102,10.66
3.43597262952102,10.664
3.43108504398827,10.668
3.43108504398827,10.672
3.43108504398827,10.676
3.42619745845552,10.68
3.43108504398827,10.684
3.42619745845552,10.688
3.42130987292278,10.692
3.42130987292278,10.696
3.42130987292278,10.7
3.41642228739003,10.704
3.41642228739003,10.708
3.41153470185728,10.712
2.96187683284457,10.716
3.3919843597263,10.72
3.3919843597263,10.724
3.3919843597263,10.728
3.3919843597263,10.732
3.38709677419355,10.736
3.3822091886608,10.74
3.3822091886608,10.744
3.37732160312805,10.748
3.37243401759531,10.752
3.37243401759531,10.756
3.36265884652981,10.76
3.36265884652981,10.764
2.87390029325513,10.768
3.32844574780059,10.772
3.32844574780059,10.776
3.32844574780059,10.78
3.32844574780059,10.784
3.32355816226784,10.788
3.31378299120235,10.792
3.31378299120235,10.796
3.30400782013685,10.8
3.30400782013685,10.804
3.29912023460411,10.808
3.29423264907136,10.812
3.26979472140762,10.816
2.7663734115347,10.82
3.23069403714565,10.824
3.2355816226784,10.828
3.2355816226784,10.832
3.23069403714565,10.836
3.2258064516129,10.84
3.22091886608016,10.844
3.21603128054741,10.848
3.20625610948192,10.852
3.20136852394917,10.856
3.19648093841642,10.86
3.18670576735093,10.864
2.68328445747801,10.868
2.62952101661779,10.872
3.10850439882698,10.876
3.11827956989247,10.88
3.11827956989247,10.884
3.11339198435973,10.888
3.10850439882698,10.892
3.09872922776149,10.896
3.09384164222874,10.9
3.08895405669599,10.904
3.0791788856305,10.908
3.069403714565,10.912
2.59042033235582,10.916
2.52199413489736,10.92
2.47800586510264,10.924
2.95698924731183,10.928
2.96676441837732,10.932
2.96676441837732,10.936
2.96187683284457,10.94
2.95698924731183,10.944
2.95210166177908,10.948
2.94232649071359,10.952
2.93743890518084,10.956
2.92766373411535,10.96
2.91300097751711,10.964
2.3900293255132,10.968
2.34115347018573,10.972
2.30205278592375,10.976
2.7761485826002,10.98
2.79081133919844,10.984
2.79081133919844,10.988
2.78592375366569,10.992
2.78103616813294,10.996
2.7761485826002,11
2.7663734115347,11.004
2.75659824046921,11.008
2.75171065493646,11.012
2.22873900293255,11.016
2.17497556207234,11.02
2.13587487781036,11.024
2.10654936461388,11.028
2.56109481915934,11.032
2.59042033235582,11.036
2.59042033235582,11.04
2.59042033235582,11.044
2.58064516129032,11.048
2.58064516129032,11.052
2.57086999022483,11.056
2.56598240469208,11.06
2.06744868035191,11.064
1.99902248289345,11.068
1.95992179863148,11.072
1.9208211143695,11.076
1.89149560117302,11.08
1.8475073313783,11.084
2.36070381231672,11.088
2.36559139784946,11.092
2.36070381231672,11.096
2.36070381231672,11.1
2.35092864125122,11.104
2.34604105571848,11.108
2.34115347018573,11.112
1.79863147605083,11.116
1.74975562072336,11.12
1.71065493646139,11.124
1.67155425219941,11.128
1.64222873900293,11.132
1.60312805474096,11.136
2.0772238514174,11.14
2.08211143695015,11.144
2.08211143695015,11.148
2.06744868035191,11.152
2.05767350928641,11.156
2.04789833822092,11.16
1.51026392961877,11.164
1.45161290322581,11.168
1.40273704789834,11.172
1.34897360703812,11.176
1.3049853372434,11.18
1.25610948191593,11.184
1.21700879765396,11.188
1.62756598240469,11.192
1.62756598240469,11.196
1.6080156402737,11.2
1.58846529814272,11.204
1.56402737047898,11.208
1.10459433040078,11.212
1.04105571847507,11.216
0.992179863147605,11.22
0.953079178885631,11.224
0.909090909090909,11.228
0.874877810361681,11.232
0.840664711632454,11.236
0.806451612903226,11.24
1.158357771261,11.244
1.16813294232649,11.248
1.16324535679374,11.252
1.158357771261,11.256
0.777126099706745,11.26
0.718475073313783,11.264
0.684261974584555,11.268
0.654936461388074,11.272
0.63049853372434,11.276
0.601173020527859,11.28
0.576735092864125,11.284
0.557184750733138,11.288
0.532746823069404,11.292
0.469208211143695,11.296
0.527859237536657,11.3
0.498533724340176,11.304
0.478983382209189,11.308
0.513196480938416,11.312
0.478983382209189,11.316
0.43010752688172,11.32
0.439882697947214,11.324
0.742913000977517,11.328
0.752688172043011,11.332
0.439882697947214,11.336
0.371456500488759,11.34
0.381231671554252,11.344
0.342130987292278,11.348
0.347018572825024,11.352
0.635386119257087,11.356
0.645161290322581,11.36
0.347018572825024,11.364
0.288367546432063,11.368
0.298142717497556,11.372
0.268817204301075,11.376
0.268817204301075,11.38
0.547409579667644,11.384
0.557184750733138,11.388
0.263929618768328,11.392
0.224828934506354,11.396
0.229716520039101,11.4
0.205278592375367,11.404
0.205278592375367,11.408
0.117302052785924,11.412
0.190615835777126,11.416
0.210166177908113,11.42
0.171065493646139,11.424
0.171065493646139,11.428
0.156402737047898,11.432
0.156402737047898,11.436
0.136852394916911,11.44
0.136852394916911,11.444
0.151515151515152,11.448
0.122189638318671,11.452
0.127077223851417,11.456
0.112414467253177,11.46
0.112414467253177,11.464
0.0977517106549365,11.468
0.0977517106549365,11.472
0.112414467253177,11.476
0.083088954056696,11.48
0.083088954056696,11.484
0.0782013685239492,11.488
0.0733137829912024,11.492
0.0635386119257087,11.496
0.0635386119257087,11.5
0.0733137829912024,11.504
0.0537634408602151,11.508
0.0537634408602151,11.512
0.0488758553274682,11.516
0.0488758553274682,11.52
0.0391006842619746,11.524
0.0342130987292278,11.528
0.0146627565982405,11.532
0.0391006842619746,11.536
0.0342130987292278,11.54
0.0293255131964809,11.544
0.0244379276637341,11.548
0.0195503421309873,11.552
0.0195503421309873,11.556
0.0146627565982405,11.56
0.0146627565982405,11.564
0.00977517106549365,11.568
0.00977517106549365,11.572
0.00977517106549365,11.576
0.00488758553274682,11.58
0.00488758553274682,11.584
0.00488758553274682,11.588
0,11.592
0,11.596
0,11.6
0,11.604
0,11.608
0,11.612
0,11.616
0,11.62
0,11.624
0,11.628
0,11.632
0,11.636
0,11.64
0,11.644
0,11.648
0,11.652
0,11.656
0,11.66
0,11.664
0,11.668
0,11.672
0,11.676
0,11.68
0,11.684
0.00488758553274682,11.688
0.00488758553274682,11.692
0.00488758553274682,11.696
0.00488758553274682,11.7
0.00977517106549365,11.704
0.00977517106549365,11.708
0.00977517106549365,11.712
0.0146627565982405,11.716
0.0146627565982405,11.72
0.0195503421309873,11.724
0.0195503421309873,11.728
0.0195503421309873,11.732
0.00488758553274682,11.736
0.0391006842619746,11.74
0.0391006842619746,11.744
0.0391006842619746,11.748
0.0439882697947214,11.752
0.0439882697947214,11.756
0.0488758553274682,11.76
0.0488758553274682,11.764
0.0537634408602151,11.768
0.0733137829912024,11.772
0.0586510263929619,11.776
0.0733137829912024,11.78
0.0684261974584555,11.784
0.0782013685239492,11.788
0.0782013685239492,11.792
0.0879765395894428,11.796
0.425219941348974,11.8
0.0928641251221896,11.804
0.10752688172043,11.808
0.102639296187683,11.812
0.117302052785924,11.816
0.10752688172043,11.82
0.127077223851417,11.824
0.410557184750733,11.828
0.131964809384164,11.832
0.151515151515152,11.836
0.141739980449658,11.84
0.156402737047898,11.844
0.151515151515152,11.848
0.166177908113392,11.852
0.454545454545455,11.856
0.180840664711632,11.86
0.210166177908113,11.864
0.190615835777126,11.868
0.21505376344086,11.872
0.205278592375367,11.876
0.224828934506354,11.88
0.518084066471163,11.884
0.562072336265885,11.888
0.273704789833822,11.892
0.249266862170088,11.896
0.278592375366569,11.9
0.259042033235582,11.904
0.288367546432063,11.908
0.601173020527859,11.912
0.640273704789834,11.916
0.356793743890518,11.92
0.317693059628543,11.924
0.351906158357771,11.928
0.332355816226784,11.932
0.361681329423265,11.936
0.694037145650049,11.94
0.733137829912023,11.944
0.449657869012708,11.948
0.395894428152493,11.952
0.439882697947214,11.956
0.410557184750733,11.96
0.454545454545455,11.964
0.801564027370479,11.968
0.840664711632454,11.972
0.918866080156403,11.976
0.542521994134897,11.98
0.542521994134897,11.984
0.547409579667644,11.988
0.557184750733138,11.992
0.566959921798632,11.996
0.576735092864125,12
