0.0684261974584555,0.004
3.47018572825024,0.008
3.46041055718475,0.012
3.47018572825024,0.016
3.44574780058651,0.02
3.44574780058651,0.024
3.47996089931574,0.028
3.47996089931574,0.032
3.49951124144673,0.036
3.47996089931574,0.04
3.47507331378299,0.044
3.47507331378299,0.048
3.47507331378299,0.052
3.48973607038123,0.056
3.47507331378299,0.06
3.4652981427175,0.064
3.00097751710655,0.068
3.47018572825024,0.072
3.46041055718475,0.076
3.47018572825024,0.08
3.44574780058651,0.084
NaN,0.088
0.10752688172043,0.092
0.175953079178886,0.096
0.596285434995112,0.1
0.728250244379277,0.104
0.483870967741935,0.108
0.50830889540567,0.112
0.918866080156403,0.116
1.06060606060606,0.12
1.17790811339198,0.124
0.801564027370479,0.128
0.821114369501466,0.132
1.34897360703812,0.136
1.01661779081134,0.14
1.73020527859238,0.144
1.92570869990225,0.148
2.08699902248289,0.152
2.2238514173998,0.156
2.32649071358749,0.16
2.40957966764418,0.164
2.47800586510264,0.168
2.00879765395894,0.172
1.99902248289345,0.176
1.99902248289345,0.18
2.00879765395894,0.184
2.0039100684262,0.188
2.56598240469208,0.192
2.6099706744868,0.196
2.64907135874878,0.2
2.67350928641251,0.204
2.70283479960899,0.208
2.72727272727273,0.212
2.75171065493646,0.216
2.7761485826002,0.22
2.29716520039101,0.224
2.25806451612903,0.228
2.24828934506354,0.232
2.24340175953079,0.236
2.76148582600196,0.24
2.81036168132942,0.244
2.8396871945259,0.248
2.86412512218964,0.252
2.88856304985337,0.256
2.90811339198436,0.26
2.92766373411535,0.264
2.95210166177908,0.268
2.97165200391007,0.272
2.98142717497556,0.276
2.4633431085044,0.28
2.44379276637341,0.284
2.93255131964809,0.288
2.98142717497556,0.292
3.01075268817204,0.296
3.03519061583578,0.3
3.05474095796676,0.304
3.07429130009775,0.308
3.08406647116325,0.312
3.10361681329423,0.316
3.12316715542522,0.32
3.13294232649071,0.324
3.14271749755621,0.328
2.63440860215054,0.332
2.6099706744868,0.336
3.12805474095797,0.34
3.15738025415445,0.344
3.17693059628543,0.348
3.19159335288368,0.352
3.20136852394917,0.356
3.21603128054741,0.36
3.23069403714565,0.364
3.24046920821114,0.368
3.25024437927664,0.372
3.26001955034213,0.376
3.26490713587488,0.38
2.7663734115347,0.384
3.2355816226784,0.388
3.26490713587488,0.392
3.28445747800587,0.396
3.29423264907136,0.4
3.3088954056696,0.404
3.31867057673509,0.408
3.33333333333333,0.412
3.34310850439883,0.416
3.34799608993157,0.42
3.35777126099707,0.424
3.36265884652981,0.428
3.36265884652981,0.432
2.87390029325513,0.436
3.35777126099707,0.44
3.37243401759531,0.444
3.38709677419355,0.448
3.3919843597263,0.452
3.40175953079179,0.456
3.40664711632454,0.46
3.41153470185728,0.464
3.42130987292278,0.468
3.42619745845552,0.472
3.43108504398827,0.476
3.43597262952102,0.48
3.44086021505376,0.484
3.42619745845552,0.488
3.43597262952102,0.492
3.44574780058651,0.496
3.45063538611926,0.5
3.455522971652,0.504
3.46041055718475,0.508
3.4652981427175,0.512
3.47018572825024,0.516
3.47507331378299,0.52
3.47507331378299,0.524
3.47996089931574,0.528
3.47996089931574,0.532
3.47507331378299,0.536
3.47996089931574,0.54
3.48973607038123,0.544
3.48973607038123,0.548
3.49462365591398,0.552
3.49951124144673,0.556
3.50439882697947,0.56
3.51417399804497,0.564
3.50928641251222,0.568
3.49951124144673,0.572
3.49951124144673,0.576
3.50439882697947,0.58
3.50928641251222,0.584
3.50928641251222,0.588
3.51906158357771,0.592
3.50439882697947,0.596
3.51417399804497,0.6
3.51906158357771,0.604
3.51906158357771,0.608
3.50928641251222,0.612
3.50928641251222,0.616
3.51417399804497,0.62
3.51417399804497,0.624
3.51417399804497,0.628
3.51417399804497,0.632
3.50928641251222,0.636
3.49951124144673,0.64
3.50439882697947,0.644
3.50439882697947,0.648
3.49951124144673,0.652
3.49951124144673,0.656
3.49951124144673,0.66
3.49462365591398,0.664
3.48973607038123,0.668
3.48973607038123,0.672
3.48973607038123,0.676
3.48484848484848,0.68
3.47996089931574,0.684
3.47996089931574,0.688
3.45063538611926,0.692
3.46041055718475,0.696
3.455522971652,0.7
3.455522971652,0.704
3.455522971652,0.708
3.455522971652,0.712
3.45063538611926,0.716
3.44086021505376,0.72
3.44086021505376,0.724
3.43597262952102,0.728
3.43108504398827,0.732
3.42619745845552,0.736
2.79081133919844,0.74
3.37732160312805,0.744
3.38709677419355,0.748
3.3919843597263,0.752
3.3822091886608,0.756
3.37732160312805,0.76
3.36754643206256,0.764
3.36754643206256,0.768
3.36265884652981,0.772
3.35777126099707,0.776
3.35288367546432,0.78
3.34799608993157,0.784
3.33333333333333,0.788
2.68817204301075,0.792
3.27468230694037,0.796
3.28934506353861,0.8
3.28934506353861,0.804
3.28445747800587,0.808
3.27956989247312,0.812
3.27468230694037,0.816
3.26490713587488,0.82
3.26001955034213,0.824
3.25513196480938,0.828
3.25024437927664,0.832
3.24046920821114,0.836
2.6197458455523,0.84
2.55131964809384,0.844
3.1524926686217,0.848
3.16715542521994,0.852
3.16226783968719,0.856
3.15738025415445,0.86
3.1524926686217,0.864
3.14760508308895,0.868
3.14271749755621,0.872
3.13294232649071,0.876
3.12805474095797,0.88
3.12316715542522,0.884
3.10850439882698,0.888
2.43890518084066,0.892
2.39491691104594,0.896
2.35092864125122,0.9
3.01075268817204,0.904
3.01075268817204,0.908
3.01075268817204,0.912
3.0058651026393,0.916
3.00097751710655,0.92
2.99120234604106,0.924
2.98631476050831,0.928
2.98142717497556,0.932
2.97165200391007,0.936
2.31182795698925,0.94
2.25806451612903,0.944
2.21407624633431,0.948
2.17986314760508,0.952
2.82991202346041,0.956
2.83479960899316,0.96
2.8396871945259,0.964
2.85434995112414,0.968
2.86412512218964,0.972
2.88367546432063,0.976
2.88367546432063,0.98
2.87390029325513,0.984
2.22873900293255,0.988
2.1603128054741,0.992
2.10654936461388,0.996
2.06744868035191,1
2.02346041055718,1.004
2.65884652981427,1.008
2.66862170087977,1.012
2.66862170087977,1.016
2.65884652981427,1.02
2.64907135874878,1.024
2.63929618768328,1.028
2.62952101661779,1.032
2.6197458455523,1.036
1.930596285435,1.04
1.88172043010753,1.044
1.84261974584555,1.048
1.81329423264907,1.052
1.78396871945259,1.056
2.40469208211144,1.06
2.42424242424242,1.064
2.42424242424242,1.068
2.42424242424242,1.072
2.41446725317693,1.076
2.40469208211144,1.08
2.39491691104594,1.084
1.71554252199413,1.088
1.66666666666667,1.092
1.62267839687195,1.096
1.58846529814272,1.1
1.55425219941349,1.104
1.52003910068426,1.108
1.45650048875855,1.112
2.13098729227761,1.116
2.13098729227761,1.12
2.12121212121212,1.124
2.10654936461388,1.128
2.09188660801564,1.132
1.44183773216031,1.136
1.37341153470186,1.14
1.32453567937439,1.144
1.27565982404692,1.148
1.23655913978495,1.152
1.18768328445748,1.156
1.15347018572825,1.16
1.09481915933529,1.164
1.69599217986315,1.168
1.68621700879765,1.172
1.67644183773216,1.176
1.65689149560117,1.18
1.66177908113392,1.184
1.00684261974585,1.188
0.953079178885631,1.192
0.918866080156403,1.196
0.879765395894428,1.2
0.8455522971652,1.204
0.811339198435973,1.208
0.782013685239492,1.212
0.752688172043011,1.216
1.27077223851417,1.22
1.27077223851417,1.224
1.26588465298143,1.228
1.28543499511241,1.232
0.708699902248289,1.236
0.669599217986315,1.24
0.640273704789834,1.244
0.6158357771261,1.248
0.591397849462366,1.252
0.566959921798632,1.256
0.547409579667644,1.26
0.52297165200391,1.264
0.503421309872923,1.268
0.957966764418377,1.272
0.967741935483871,1.276
0.972629521016618,1.28
0.503421309872923,1.284
0.464320625610948,1.288
0.420332355816227,1.292
0.425219941348974,1.296
0.8455522971652,1.3
0.860215053763441,1.304
0.904203323558162,1.308
0.391006842619746,1.312
0.347018572825024,1.316
0.351906158357771,1.32
0.32258064516129,1.324
0.32258064516129,1.328
0.757575757575758,1.332
0.347018572825024,1.336
0.283479960899316,1.34
0.288367546432063,1.344
0.259042033235582,1.348
0.263929618768328,1.352
0.175953079178886,1.356
0.239491691104594,1.36
0.718475073313783,1.364
0.239491691104594,1.368
0.210166177908113,1.372
0.21505376344086,1.376
0.190615835777126,1.38
0.190615835777126,1.384
0.571847507331378,1.388
0.205278592375367,1.392
0.166177908113392,1.396
0.166177908113392,1.4
0.146627565982405,1.404
0.151515151515152,1.408
0.131964809384164,1.412
0.131964809384164,1.416
0.151515151515152,1.42
0.117302052785924,1.424
0.122189638318671,1.428
0.10752688172043,1.432
0.10752688172043,1.436
0.0928641251221896,1.44
0.0928641251221896,1.444
0.52297165200391,1.448
0.0928641251221896,1.452
0.0782013685239492,1.456
0.0733137829912024,1.46
0.0635386119257087,1.464
0.0635386119257087,1.468
0.0586510263929619,1.472
0.0537634408602151,1.476
0.0586510263929619,1.48
0.0488758553274682,1.484
0.0488758553274682,1.488
0.0391006842619746,1.492
0.0342130987292278,1.496
0.0342130987292278,1.5
0,1.504
0.0342130987292278,1.508
0.0293255131964809,1.512
0.0244379276637341,1.516
0.0195503421309873,1.52
0.0195503421309873,1.524
0.0146627565982405,1.528
0.0146627565982405,1.532
0.00977517106549365,1.536
0.00977517106549365,1.54
0.00488758553274682,1.544
0.00488758553274682,1.548
0.00488758553274682,1.552
0.00488758553274682,1.556
0,1.56
0,1.564
0,1.568
0,1.572
0,1.576
0,1.58
0,1.584
0,1.588
0,1.592
0,1.596
0,1.6
0,1.604
0,1.608
0,1.612
0,1.616
0,1.62
0,1.624
0,1.628
0,1.632
0,1.636
0,1.64
0,1.644
0,1.648
0,1.652
0.00488758553274682,1.656
0.00488758553274682,1.66
0.00488758553274682,1.664
0.00977517106549365,1.668
0.00977517106549365,1.672
0.00977517106549365,1.676
0.0146627565982405,1.68
0.0146627565982405,1.684
0.0195503421309873,1.688
0.0195503421309873,1.692
0.0244379276637341,1.696
0.0244379276637341,1.7
0.0293255131964809,1.704
0,1.708
0.0537634408602151,1.712
0.0391006842619746,1.716
0.0391006842619746,1.72
0.0488758553274682,1.724
0.0537634408602151,1.728
0.0537634408602151,1.732
0.0586510263929619,1.736
0.420332355816227,1.74
0.0684261974584555,1.744
0.083088954056696,1.748
0.0733137829912024,1.752
0.0879765395894428,1.756
0.083088954056696,1.76
0.0928641251221896,1.764
0.0195503421309873,1.768
0.537634408602151,1.772
0.122189638318671,1.776
0.112414467253177,1.78
0.127077223851417,1.784
0.122189638318671,1.788
0.136852394916911,1.792
0.0635386119257087,1.796
0.141739980449658,1.8
0.175953079178886,1.804
0.151515151515152,1.808
0.171065493646139,1.812
0.161290322580645,1.816
0.180840664711632,1.82
0.117302052785924,1.824
0.195503421309873,1.828
0.674486803519062,1.832
0.229716520039101,1.836
0.21505376344086,1.84
0.234604105571848,1.844
0.224828934506354,1.848
0.244379276637341,1.852
0.654936461388074,1.856
0.73802541544477,1.86
0.303030303030303,1.864
0.273704789833822,1.868
0.303030303030303,1.872
0.288367546432063,1.876
0.317693059628543,1.88
0.747800586510264,1.884
0.786901270772238,1.888
0.386119257086999,1.892
0.351906158357771,1.896
0.381231671554252,1.9
0.361681329423265,1.904
0.395894428152493,1.908
0.8455522971652,1.912
0.884652981427175,1.916
0.483870967741935,1.92
0.43010752688172,1.924
0.474095796676442,1.928
0.43010752688172,1.932
0.488758553274682,1.936
0.498533724340176,1.94
0.513196480938416,1.944
0.52297165200391,1.948
0.532746823069404,1.952
0.542521994134897,1.956
1.03616813294233,1.96
1.08504398826979,1.964
1.12414467253177,1.968
1.16813294232649,1.972
0.698924731182796,1.976
0.698924731182796,1.98
0.703812316715543,1.984
0.713587487781036,1.988
0.728250244379277,1.992
0.73802541544477,1.996
0.757575757575758,2
0.767350928641251,2.004
1.29521016617791,2.008
1.35874877810362,2.012
1.41251221896383,2.016
1.45650048875855,2.02
1.50537634408602,2.024
1.0019550342131,2.028
0.997067448680352,2.032
1.00684261974585,2.036
1.02150537634409,2.04
1.03616813294233,2.044
1.05571847507331,2.048
1.0752688172043,2.052
1.05571847507331,2.056
1.72043010752688,2.06
1.78396871945259,2.064
1.84261974584555,2.068
1.89638318670577,2.072
1.95014662756598,2.076
2.01857282502444,2.08
1.40762463343109,2.084
1.42228739002933,2.088
1.44183773216031,2.092
1.46627565982405,2.096
1.48582600195503,2.1
1.50537634408602,2.104
2.17008797653959,2.108
2.22873900293255,2.112
2.27761485826002,2.116
2.32649071358749,2.12
2.36559139784946,2.124
2.40469208211144,2.128
2.43890518084066,2.132
1.82306940371456,2.136
1.81329423264907,2.14
1.81818181818182,2.144
1.81818181818182,2.148
1.82306940371456,2.152
2.45845552297165,2.156
2.51710654936461,2.16
2.55131964809384,2.164
2.58553274682307,2.168
2.61485826001955,2.172
2.64418377321603,2.176
2.66373411534702,2.18
2.6930596285435,2.184
2.0772238514174,2.188
2.05278592375367,2.192
2.03812316715543,2.196
2.03812316715543,2.2
2.64907135874878,2.204
2.71260997067449,2.208
2.75171065493646,2.212
2.79081133919844,2.216
2.82013685239492,2.22
2.84457478005865,2.224
2.86901270772239,2.228
2.89345063538612,2.232
2.91788856304985,2.236
2.31671554252199,2.24
2.27761485826002,2.244
2.26295210166178,2.248
2.24828934506354,2.252
2.91300097751711,2.256
2.95210166177908,2.26
2.98631476050831,2.264
3.0058651026393,2.268
3.02541544477028,2.272
3.04007820136852,2.276
3.05962854349951,2.28
3.08895405669599,2.284
3.10361681329423,2.288
3.10361681329423,2.292
2.46823069403715,2.296
2.44379276637341,2.3
3.06451612903226,2.304
3.10361681329423,2.308
3.12316715542522,2.312
3.14760508308895,2.316
3.16715542521994,2.32
3.17693059628543,2.324
3.19159335288368,2.328
3.20136852394917,2.332
3.21603128054741,2.336
3.2258064516129,2.34
3.2258064516129,2.344
2.6197458455523,2.348
2.60019550342131,2.352
3.25024437927664,2.356
3.27956989247312,2.36
3.29912023460411,2.364
3.32355816226784,2.368
3.32355816226784,2.372
3.32355816226784,2.376
3.33333333333333,2.38
3.34310850439883,2.384
3.34310850439883,2.388
3.35288367546432,2.392
3.34799608993157,2.396
2.76148582600196,2.4
3.33822091886608,2.404
3.36265884652981,2.408
3.36754643206256,2.412
3.38709677419355,2.416
3.39687194525904,2.42
3.41642228739003,2.424
3.44574780058651,2.428
3.43597262952102,2.432
3.44574780058651,2.436
3.44086021505376,2.44
3.45063538611926,2.444
3.44574780058651,2.448
3.43597262952102,2.452
3.45063538611926,2.456
3.47018572825024,2.46
3.47996089931574,2.464
3.52394916911046,2.468
3.52883675464321,2.472
3.55816226783969,2.476
3.53372434017595,2.48
3.54838709677419,2.484
3.56793743890518,2.488
3.57282502443793,2.492
3.52883675464321,2.496
3.52883675464321,2.5
3.54838709677419,2.504
3.55327468230694,2.508
3.55327468230694,2.512
3.54838709677419,2.516
3.54349951124145,2.52
3.53372434017595,2.524
3.5386119257087,2.528
3.52883675464321,2.532
3.58748778103617,2.536
3.54349951124145,2.54
3.55816226783969,2.544
3.53372434017595,2.548
3.5386119257087,2.552
3.52394916911046,2.556
3.51417399804497,2.56
3.52394916911046,2.564
3.52394916911046,2.568
3.54838709677419,2.572
3.59237536656891,2.576
3.59237536656891,2.58
3.60215053763441,2.584
3.60703812316716,2.588
3.6119257086999,2.592
3.63147605083089,2.596
3.59237536656891,2.6
3.57771260997067,2.604
3.55816226783969,2.608
3.57282502443793,2.612
3.59726295210166,2.616
3.60703812316716,2.62
3.6119257086999,2.624
3.57771260997067,2.628
3.5386119257087,2.632
3.55327468230694,2.636
3.57771260997067,2.64
3.53372434017595,2.644
3.50928641251222,2.648
3.48973607038123,2.652
3.47507331378299,2.656
3.47018572825024,2.66
3.47507331378299,2.664
3.54838709677419,2.668
3.70967741935484,2.672
4.01759530791789,2.676
4.24731182795699,2.68
4.40371456500489,2.684
4.53079178885631,2.688
4.61876832844575,2.692
4.6969696969697,2.696
4.73607038123167,2.7
4.78005865102639,2.704
4.78983382209189,2.708
4.81915933528837,2.712
4.82893450635386,2.716
4.83870967741935,2.72
4.83870967741935,2.724
4.8435972629521,2.728
4.84848484848485,2.732
4.8533724340176,2.736
4.8435972629521,2.74
4.8435972629521,2.744
4.84848484848485,2.748
4.8435972629521,2.752
4.34995112414467,2.756
4.81915933528837,2.76
4.80938416422287,2.764
4.80938416422287,2.768
4.79960899315738,2.772
4.80449657869013,2.776
4.79472140762463,2.78
4.78983382209189,2.784
4.78005865102639,2.788
4.77517106549365,2.792
4.76539589442815,2.796
4.76050830889541,2.8
4.74584555229717,2.804
4.2375366568915,2.808
4.70185728250244,2.812
4.6969696969697,2.816
4.6871945259042,2.82
4.68230694037146,2.824
4.67741935483871,2.828
4.66764418377322,2.832
4.65786901270772,2.836
4.65298142717498,2.84
4.64320625610948,2.844
4.63831867057674,2.848
4.62365591397849,2.852
4.09579667644184,2.856
4.04692082111437,2.86
4.54545454545455,2.864
4.5405669599218,2.868
4.53567937438905,2.872
4.51612903225806,2.876
4.50635386119257,2.88
4.49169110459433,2.884
4.48680351906158,2.888
4.47214076246334,2.892
4.46236559139785,2.896
4.44281524926686,2.9
3.88563049853372,2.904
3.83186705767351,2.908
3.79276637341153,2.912
4.3108504398827,2.916
4.31573802541544,2.92
4.3010752688172,2.924
4.28641251221896,2.928
4.27174975562072,2.932
4.25219941348974,2.936
4.23264907135875,2.94
4.21798631476051,2.944
4.19843597262952,2.948
4.16911045943304,2.952
3.5386119257087,2.956
3.48484848484848,2.96
3.42619745845552,2.964
3.39687194525904,2.968
3.98826979472141,2.972
3.97360703812317,2.976
3.95405669599218,2.98
3.93450635386119,2.984
3.91006842619746,2.988
3.88563049853372,2.992
3.86119257086999,2.996
3.83675464320626,3
3.14760508308895,3.004
3.069403714565,3.008
3.00097751710655,3.012
2.95210166177908,3.016
2.89833822091887,3.02
3.53372434017595,3.024
3.51417399804497,3.028
3.48484848484848,3.032
3.455522971652,3.036
3.42619745845552,3.04
3.38709677419355,3.044
3.35777126099707,3.048
2.64418377321603,3.052
2.54643206256109,3.056
2.45845552297165,3.06
2.39980449657869,3.064
2.32160312805474,3.068
2.25806451612903,3.072
2.90811339198436,3.076
2.88856304985337,3.08
2.85434995112414,3.084
2.82013685239492,3.088
2.78103616813294,3.092
2.74193548387097,3.096
2.69794721407625,3.1
1.9208211143695,3.104
1.83773216031281,3.108
1.7644183773216,3.112
1.70087976539589,3.116
1.64222873900293,3.12
1.57869012707722,3.124
2.19941348973607,3.128
2.18475073313783,3.132
2.1603128054741,3.136
2.13098729227761,3.14
2.09677419354839,3.144
2.06744868035191,3.148
1.35386119257087,3.152
1.28543499511241,3.156
1.2316715542522,3.16
1.17790811339198,3.164
1.13391984359726,3.168
1.08993157380254,3.172
1.05083088954057,3.176
0.977517106549365,3.18
1.60312805474096,3.184
1.58846529814272,3.188
1.57380254154448,3.192
1.55425219941349,3.196
0.943304007820137,3.2
0.889540566959922,3.204
0.850439882697947,3.208
0.811339198435973,3.212
0.782013685239492,3.216
0.752688172043011,3.22
0.72336265884653,3.224
0.698924731182796,3.228
0.664711632453568,3.232
1.19257086999022,3.236
1.19257086999022,3.24
1.18768328445748,3.244
0.674486803519062,3.248
0.625610948191593,3.252
0.591397849462366,3.256
0.566959921798632,3.26
0.542521994134897,3.264
0.518084066471163,3.268
0.503421309872923,3.272
0.478983382209189,3.276
0.493646138807429,3.28
0.469208211143695,3.284
0.904203323558162,3.288
0.918866080156403,3.292
0.92375366568915,3.296
0.439882697947214,3.3
0.381231671554252,3.304
0.391006842619746,3.308
0.356793743890518,3.312
0.361681329423265,3.316
0.801564027370479,3.32
0.850439882697947,3.324
0.347018572825024,3.328
0.303030303030303,3.332
0.312805474095797,3.336
0.278592375366569,3.34
0.283479960899316,3.344
0.703812316715543,3.348
0.767350928641251,3.352
0.268817204301075,3.356
0.234604105571848,3.36
0.234604105571848,3.364
0.21505376344086,3.368
0.21505376344086,3.372
0.625610948191593,3.376
0.229716520039101,3.38
0.185728250244379,3.384
0.190615835777126,3.388
0.166177908113392,3.392
0.171065493646139,3.396
0.156402737047898,3.4
0.156402737047898,3.404
0.175953079178886,3.408
0.136852394916911,3.412
0.141739980449658,3.416
0.122189638318671,3.42
0.122189638318671,3.424
0.112414467253177,3.428
0.10752688172043,3.432
0.562072336265885,3.436
0.10752688172043,3.44
0.0928641251221896,3.444
0.0879765395894428,3.448
0.0782013685239492,3.452
0.0782013685239492,3.456
0.0684261974584555,3.46
0.0684261974584555,3.464
0.0733137829912024,3.468
0.0586510263929619,3.472
0.0586510263929619,3.476
0.0488758553274682,3.48
0.0488758553274682,3.484
0.0439882697947214,3.488
0.0146627565982405,3.492
0.0439882697947214,3.496
0.0391006842619746,3.5
0.0342130987292278,3.504
0.0293255131964809,3.508
0.0244379276637341,3.512
0.0244379276637341,3.516
0.0195503421309873,3.52
0.0146627565982405,3.524
0.0146627565982405,3.528
0.00977517106549365,3.532
0.00977517106549365,3.536
0.00977517106549365,3.54
0.00977517106549365,3.544
0.00488758553274682,3.548
0.00488758553274682,3.552
0,3.556
0,3.56
0,3.564
0,3.568
0,3.572
0,3.576
0,3.58
0,3.584
0,3.588
0,3.592
0,3.596
0,3.6
0,3.604
0,3.608
0,3.612
0,3.616
0,3.62
0,3.624
0,3.628
0,3.632
0,3.636
0,3.64
0,3.644
0,3.648
0.00488758553274682,3.652
0.00488758553274682,3.656
0.00488758553274682,3.66
0.00488758553274682,3.664
0.00977517106549365,3.668
0.00977517106549365,3.672
0.00977517106549365,3.676
0.0146627565982405,3.68
0.0146627565982405,3.684
0.0195503421309873,3.688
0.0195503421309873,3.692
0,3.696
0.0342130987292278,3.7
0.0391006842619746,3.704
0.0391006842619746,3.708
0.0391006842619746,3.712
0.0439882697947214,3.716
0.0439882697947214,3.72
0.0488758553274682,3.724
0,3.728
0.503421309872923,3.732
0.0684261974584555,3.736
0.0635386119257087,3.74
0.0733137829912024,3.744
0.0684261974584555,3.748
0.0782013685239492,3.752
0.0782013685239492,3.756
0.0879765395894428,3.76
0.10752688172043,3.764
0.0928641251221896,3.768
0.10752688172043,3.772
0.102639296187683,3.776
0.117302052785924,3.78
0.0977517106549365,3.784
0.127077223851417,3.788
0.161290322580645,3.792
0.136852394916911,3.796
0.151515151515152,3.8
0.146627565982405,3.804
0.161290322580645,3.808
0.156402737047898,3.812
0.166177908113392,3.816
0.620723362658847,3.82
0.210166177908113,3.824
0.190615835777126,3.828
0.210166177908113,3.832
0.20039100684262,3.836
0.219941348973607,3.84
0.645161290322581,3.844
0.698924731182796,3.848
0.268817204301075,3.852
0.244379276637341,3.856
0.273704789833822,3.86
0.259042033235582,3.864
0.283479960899316,3.868
0.728250244379277,3.872
0.767350928641251,3.876
0.356793743890518,3.88
0.317693059628543,3.884
0.347018572825024,3.888
0.332355816226784,3.892
0.361681329423265,3.896
0.826001955034213,3.9
0.860215053763441,3.904
0.444770283479961,3.908
0.391006842619746,3.912
0.434995112414467,3.916
0.410557184750733,3.92
0.449657869012708,3.924
0.93841642228739,3.928
0.977517106549365,3.932
1.05083088954057,3.936
0.537634408602151,3.94
0.537634408602151,3.944
0.542521994134897,3.948
0.552297165200391,3.952
0.566959921798632,3.956
0.576735092864125,3.96
0.586510263929619,3.964
0.596285434995112,3.968
0.566959921798632,3.972
1.16324535679374,3.976
1.20723362658847,3.98
1.25122189638319,3.984
1.3147605083089,3.988
0.777126099706745,3.992
0.772238514173998,3.996
0.786901270772238,4
0.796676441837732,4.004
0.811339198435973,4.008
0.826001955034213,4.012
0.840664711632454,4.016
0.855327468230694,4.02
1.45650048875855,4.024
1.51515151515152,4.028
1.56402737047898,4.032
1.61290322580645,4.036
1.65689149560117,4.04
1.09970674486804,4.044
1.09970674486804,4.048
1.10948191593353,4.052
1.12903225806452,4.056
1.1485826001955,4.06
1.16813294232649,4.064
1.18768328445748,4.068
1.83773216031281,4.072
1.91593352883675,4.076
1.97458455522972,4.08
2.03323558162268,4.084
2.09188660801564,4.088
2.1505376344086,4.092
1.55913978494624,4.096
1.55913978494624,4.1
1.57380254154448,4.104
1.59824046920821,4.108
1.62267839687195,4.112
1.65200391006843,4.116
1.66177908113392,4.12
2.43401759530792,4.124
2.50733137829912,4.128
2.57086999022483,4.132
2.63440860215054,4.136
2.69794721407625,4.14
2.75659824046921,4.144
2.81524926686217,4.148
2.16520039100684,4.152
2.18475073313783,4.156
2.20918866080156,4.16
2.24340175953079,4.164
2.27761485826002,4.168
3.03030303030303,4.172
3.10850439882698,4.176
3.17204301075269,4.18
3.2355816226784,4.184
3.29423264907136,4.188
3.35288367546432,4.192
3.40664711632454,4.196
3.46041055718475,4.2
2.85434995112414,4.204
2.87390029325513,4.208
2.89833822091887,4.212
2.92766373411535,4.216
3.60215053763441,4.22
3.67546432062561,4.224
3.72922776148583,4.228
3.78299120234604,4.232
3.82697947214076,4.236
3.87096774193548,4.24
3.91495601173021,4.244
3.95405669599218,4.248
3.9980449657869,4.252
3.455522971652,4.256
3.455522971652,4.26
3.47018572825024,4.264
4.04692082111437,4.268
4.10068426197458,4.272
4.13978494623656,4.276
4.17888563049853,4.28
4.20821114369501,4.284
4.24731182795699,4.288
4.27174975562072,4.292
4.29618768328446,4.296
4.32551319648094,4.3
4.35483870967742,4.304
3.87096774193548,4.308
3.85630498533724,4.312
3.86608015640274,4.316
4.39882697947214,4.32
4.42815249266862,4.324
4.44770283479961,4.328
4.47214076246334,4.332
4.49169110459433,4.336
4.51124144672532,4.34
4.53079178885631,4.344
4.55522971652004,4.348
4.56989247311828,4.352
4.58944281524927,4.356
4.59433040078201,4.36
4.12512218963832,4.364
4.59921798631476,4.368
4.61876832844575,4.372
4.63831867057674,4.376
4.65298142717498,4.38
4.66275659824047,4.384
4.67741935483871,4.388
4.69208211143695,4.392
4.70674486803519,4.396
4.71652003910068,4.4
4.73118279569892,4.404
4.74584555229717,4.408
4.75562072336266,4.412
4.32551319648094,4.416
4.76050830889541,4.42
4.7702834799609,4.424
4.78005865102639,4.428
4.78983382209189,4.432
4.80449657869013,4.436
4.80938416422287,4.44
4.81915933528837,4.444
4.82893450635386,4.448
4.83870967741935,4.452
4.8435972629521,4.456
4.8533724340176,4.46
4.85826001955034,4.464
4.85826001955034,4.468
4.86314760508309,4.472
4.87292277614858,4.476
4.87781036168133,4.48
4.88758553274682,4.484
4.89736070381232,4.488
4.89736070381232,4.492
4.90224828934506,4.496
4.90713587487781,4.5
4.91202346041056,4.504
4.92179863147605,4.508
4.9169110459433,4.512
4.92179863147605,4.516
4.93157380254154,4.52
4.9266862170088,4.524
4.93646138807429,4.528
4.93646138807429,4.532
4.94623655913978,4.536
4.94623655913978,4.54
4.95112414467253,4.544
4.95112414467253,4.548
4.95112414467253,4.552
4.95601173020528,4.556
4.95601173020528,4.56
4.96089931573803,4.564
4.95601173020528,4.568
4.95601173020528,4.572
4.96089931573803,4.576
4.95601173020528,4.58
4.96578690127077,4.584
4.96578690127077,4.588
4.96089931573803,4.592
4.96578690127077,4.596
4.96089931573803,4.6
4.95601173020528,4.604
4.96089931573803,4.608
4.96578690127077,4.612
4.96089931573803,4.616
4.96578690127077,4.62
4.96578690127077,4.624
4.96089931573803,4.628
4.96089931573803,4.632
4.96089931573803,4.636
4.95601173020528,4.64
4.95601173020528,4.644
4.96089931573803,4.648
4.95112414467253,4.652
4.95601173020528,4.656
4.95112414467253,4.66
4.95112414467253,4.664
4.94623655913978,4.668
4.94134897360704,4.672
4.93646138807429,4.676
4.93157380254154,4.68
4.93646138807429,4.684
4.9266862170088,4.688
4.93157380254154,4.692
4.9266862170088,4.696
4.9169110459433,4.7
4.9169110459433,4.704
4.90713587487781,4.708
4.90713587487781,4.712
4.90224828934506,4.716
4.89247311827957,4.72
4.89247311827957,4.724
4.88269794721408,4.728
4.87781036168133,4.732
4.87292277614858,4.736
4.86803519061584,4.74
4.86803519061584,4.744
4.85826001955034,4.748
4.8533724340176,4.752
4.8435972629521,4.756
4.8435972629521,4.76
4.82893450635386,4.764
4.39882697947214,4.768
4.80938416422287,4.772
4.80449657869013,4.776
4.79472140762463,4.78
4.79472140762463,4.784
4.78005865102639,4.788
4.77517106549365,4.792
4.76539589442815,4.796
4.76050830889541,4.8
4.74584555229717,4.804
4.74584555229717,4.808
4.73118279569892,4.812
4.27663734115347,4.816
4.24731182795699,4.82
4.67741935483871,4.824
4.66764418377322,4.828
4.66764418377322,4.832
4.65786901270772,4.836
4.64809384164223,4.84
4.63831867057674,4.844
4.62854349951124,4.848
4.62365591397849,4.852
4.60899315738025,4.856
4.59921798631476,4.86
4.12023460410557,4.864
4.07624633431085,4.868
4.04692082111437,4.872
4.50635386119257,4.876
4.49657869012708,4.88
4.48680351906158,4.884
4.47702834799609,4.888
4.46236559139785,4.892
4.45259042033236,4.896
4.44281524926686,4.9
4.42326490713587,4.904
4.40860215053763,4.908
4.38905180840665,4.912
3.84652981427175,4.916
3.80254154447703,4.92
3.75855327468231,4.924
4.26197458455523,4.928
4.25219941348974,4.932
4.2375366568915,4.936
4.22287390029325,4.94
4.20821114369501,4.944
4.19354838709677,4.948
4.17399804496579,4.952
4.1544477028348,4.956
4.13000977517107,4.96
3.54349951124145,4.964
3.47018572825024,4.968
3.41642228739003,4.972
3.36265884652981,4.976
3.91006842619746,4.98
3.91006842619746,4.984
3.89051808406647,4.988
3.87096774193548,4.992
3.84652981427175,4.996
3.82209188660802,5
3.79276637341153,5.004
3.7683284457478,5.008
3.12805474095797,5.012
3.04496578690127,5.016
2.97165200391007,5.02
2.90811339198436,5.024
2.8494623655914,5.028
3.42130987292278,5.032
3.42130987292278,5.036
3.3919843597263,5.04
3.36754643206256,5.044
3.32844574780059,5.048
3.29423264907136,5.052
3.26001955034213,5.056
3.20625610948192,5.06
2.48289345063539,5.064
2.3900293255132,5.068
2.31671554252199,5.072
2.24828934506354,5.076
2.17497556207234,5.08
2.10166177908113,5.084
2.75659824046921,5.088
2.73216031280547,5.092
2.6930596285435,5.096
2.65884652981427,5.1
2.61485826001955,5.104
2.58064516129032,5.108
1.84261974584555,5.112
1.75464320625611,5.116
1.68132942326491,5.12
1.6177908113392,5.124
1.55913978494624,5.128
1.50048875855327,5.132
1.44672531769306,5.136
2.05278592375367,5.14
2.03323558162268,5.144
2.0039100684262,5.148
1.97458455522972,5.152
1.94525904203324,5.156
1.29521016617791,5.16
1.21700879765396,5.164
1.16324535679374,5.168
1.11436950146628,5.172
1.07038123167155,5.176
1.03128054740958,5.18
0.992179863147605,5.184
0.953079178885631,5.188
1.49071358748778,5.192
1.49071358748778,5.196
1.47605083088954,5.2
1.4613880742913,5.204
1.48093841642229,5.208
0.8455522971652,5.212
0.806451612903226,5.216
0.767350928641251,5.22
0.742913000977517,5.224
0.708699902248289,5.228
0.684261974584555,5.232
0.659824046920821,5.236
0.635386119257087,5.24
0.552297165200391,5.244
1.11925708699902,5.248
1.12414467253177,5.252
1.1485826001955,5.256
0.596285434995112,5.26
0.562072336265885,5.264
0.532746823069404,5.268
0.513196480938416,5.272
0.488758553274682,5.276
0.469208211143695,5.28
0.503421309872923,5.284
0.464320625610948,5.288
0.420332355816227,5.292
0.43010752688172,5.296
0.850439882697947,5.3
0.860215053763441,5.304
0.909090909090909,5.308
0.395894428152493,5.312
0.347018572825024,5.316
0.351906158357771,5.32
0.32258064516129,5.324
0.327468230694037,5.328
0.757575757575758,5.332
0.347018572825024,5.336
0.283479960899316,5.34
0.293255131964809,5.344
0.259042033235582,5.348
0.263929618768328,5.352
0.175953079178886,5.356
0.239491691104594,5.36
0.728250244379277,5.364
0.244379276637341,5.368
0.210166177908113,5.372
0.210166177908113,5.376
0.190615835777126,5.38
0.195503421309873,5.384
0.586510263929619,5.388
0.205278592375367,5.392
0.166177908113392,5.396
0.166177908113392,5.4
0.146627565982405,5.404
0.151515151515152,5.408
0.131964809384164,5.412
0.131964809384164,5.416
0.151515151515152,5.42
0.122189638318671,5.424
0.122189638318671,5.428
0.10752688172043,5.432
0.10752688172043,5.436
0.0928641251221896,5.44
0.0928641251221896,5.444
0.532746823069404,5.448
0.0928641251221896,5.452
0.0782013685239492,5.456
0.0782013685239492,5.46
0.0684261974584555,5.464
0.0635386119257087,5.468
0.0586510263929619,5.472
0.0586510263929619,5.476
0.0586510263929619,5.48
0.0488758553274682,5.484
0.0439882697947214,5.488
0.0439882697947214,5.492
0.0391006842619746,5.496
0.0342130987292278,5.5
0.0293255131964809,5.504
0.0293255131964809,5.508
0.0293255131964809,5.512
0.0244379276637341,5.516
0.0195503421309873,5.52
0.0195503421309873,5.524
0.0146627565982405,5.528
0.0146627565982405,5.532
0.0146627565982405,5.536
0.00488758553274682,5.54
0.00977517106549365,5.544
0.00488758553274682,5.548
0.00488758553274682,5.552
0.00488758553274682,5.556
0,5.56
0,5.564
0,5.568
0,5.572
0,5.576
0,5.58
0,5.584
0,5.588
0,5.592
0,5.596
0,5.6
0,5.604
0,5.608
0,5.612
0,5.616
0,5.62
0,5.624
0,5.628
0,5.632
0,5.636
0,5.64
0,5.644
0,5.648
0,5.652
0.00488758553274682,5.656
0.00488758553274682,5.66
0.00488758553274682,5.664
0.00488758553274682,5.668
0.00977517106549365,5.672
0,5.676
0.0195503421309873,5.68
0.0195503421309873,5.684
0.0244379276637341,5.688
0.0244379276637341,5.692
0.0244379276637341,5.696
0.0293255131964809,5.7
0.0342130987292278,5.704
0.0342130987292278,5.708
0.0391006842619746,5.712
0.0391006842619746,5.716
0.0439882697947214,5.72
0.0439882697947214,5.724
0.0488758553274682,5.728
0.0537634408602151,5.732
0.0537634408602151,5.736
0.0635386119257087,5.74
0.513196480938416,5.744
0.083088954056696,5.748
0.0782013685239492,5.752
0.0879765395894428,5.756
0.083088954056696,5.76
0.0928641251221896,5.764
0.0391006842619746,5.768
0.493646138807429,5.772
0.127077223851417,5.776
0.112414467253177,5.78
0.127077223851417,5.784
0.122189638318671,5.788
0.136852394916911,5.792
0.117302052785924,5.796
0.141739980449658,5.8
0.180840664711632,5.804
0.151515151515152,5.808
0.171065493646139,5.812
0.161290322580645,5.816
0.180840664711632,5.82
0.175953079178886,5.824
0.195503421309873,5.828
0.669599217986315,5.832
0.234604105571848,5.836
0.21505376344086,5.84
0.239491691104594,5.844
0.229716520039101,5.848
0.244379276637341,5.852
0.669599217986315,5.856
0.708699902248289,5.86
0.30791788856305,5.864
0.278592375366569,5.868
0.303030303030303,5.872
0.288367546432063,5.876
0.317693059628543,5.88
0.762463343108504,5.884
0.796676441837732,5.888
0.386119257086999,5.892
0.347018572825024,5.896
0.386119257086999,5.9
0.361681329423265,5.904
0.395894428152493,5.908
0.860215053763441,5.912
0.899315738025415,5.916
0.982404692082111,5.92
0.474095796676442,5.924
0.444770283479961,5.928
0.483870967741935,5.932
0.943304007820137,5.936
0.992179863147605,5.94
1.03128054740958,5.944
1.10948191593353,5.948
0.581622678396872,5.952
0.586510263929619,5.956
0.591397849462366,5.96
0.601173020527859,5.964
0.6158357771261,5.968
0.625610948191593,5.972
0.635386119257087,5.976
0.645161290322581,5.98
1.17302052785924,5.984
1.2316715542522,5.988
1.28054740957967,5.992
1.31964809384164,5.996
1.39296187683284,6
0.835777126099707,6.004
0.835777126099707,6.008
0.850439882697947,6.012
0.865102639296188,6.016
0.879765395894428,6.02
0.894428152492669,6.024
0.909090909090909,6.028
0.884652981427175,6.032
1.54936461388074,6.036
1.60312805474096,6.04
1.65689149560117,6.044
1.71065493646139,6.048
1.75464320625611,6.052
1.18768328445748,6.056
1.18768328445748,6.06
1.20234604105572,6.064
1.22189638318671,6.068
1.24144672531769,6.072
1.26588465298143,6.076
1.28054740957967,6.08
1.96480938416422,6.084
2.03812316715543,6.088
2.10166177908113,6.092
2.1603128054741,6.096
2.21896383186706,6.1
2.27761485826002,6.104
1.67644183773216,6.108
1.68132942326491,6.112
1.69599217986315,6.116
1.72531769305963,6.12
1.74975562072336,6.124
1.78396871945259,6.128
2.49755620723363,6.132
2.58064516129032,6.136
2.65884652981427,6.14
2.71749755620723,6.144
2.78592375366569,6.148
2.84457478005865,6.152
2.90811339198436,6.156
2.95698924731183,6.16
2.31671554252199,6.164
2.34115347018573,6.168
2.37047898338221,6.172
2.40469208211144,6.176
3.09872922776149,6.18
3.19159335288368,6.184
3.26490713587488,6.188
3.32844574780059,6.192
3.3822091886608,6.196
3.44086021505376,6.2
3.49951124144673,6.204
3.54838709677419,6.208
3.59726295210166,6.212
3.0058651026393,6.216
3.02052785923754,6.22
3.04985337243402,6.224
3.0791788856305,6.228
3.74877810361681,6.232
3.80742913000978,6.236
3.8514173998045,6.24
3.89540566959922,6.244
3.93939393939394,6.248
3.97849462365591,6.252
4.01759530791789,6.256
4.05669599217986,6.26
4.09090909090909,6.264
3.55816226783969,6.268
3.56304985337243,6.272
3.57282502443793,6.276
4.1544477028348,6.28
4.19354838709677,6.284
4.227761485826,6.288
4.25708699902248,6.292
4.29130009775171,6.296
4.3108504398827,6.3
4.34017595307918,6.304
4.36461388074291,6.308
4.38905180840665,6.312
4.41837732160313,6.316
3.93939393939394,6.32
3.9247311827957,6.324
4.42815249266862,6.328
4.4574780058651,6.332
4.48680351906158,6.336
4.50635386119257,6.34
4.52590420332356,6.344
4.54545454545455,6.348
4.56500488758553,6.352
4.57966764418377,6.356
4.59921798631476,6.36
4.60899315738025,6.364
4.63343108504399,6.368
4.18866080156403,6.372
4.17888563049853,6.376
4.63831867057674,6.38
4.66275659824047,6.384
4.67741935483871,6.388
4.6871945259042,6.392
4.6969696969697,6.396
4.71652003910068,6.4
4.73118279569892,6.404
4.74095796676442,6.408
4.75073313782991,6.412
4.7702834799609,6.416
4.7702834799609,6.42
4.35483870967742,6.424
4.77517106549365,6.428
4.78983382209189,6.432
4.79960899315738,6.436
4.80938416422287,6.44
4.81427174975562,6.444
4.82893450635386,6.448
4.83382209188661,6.452
4.8435972629521,6.456
4.84848484848485,6.46
4.85826001955034,6.464
4.86314760508309,6.468
4.87781036168133,6.472
4.4672531769306,6.476
4.88269794721408,6.48
4.87781036168133,6.484
4.89247311827957,6.488
4.90224828934506,6.492
4.90224828934506,6.496
4.51124144672532,6.5
4.91202346041056,6.504
4.92179863147605,6.508
4.92179863147605,6.512
4.92179863147605,6.516
4.9266862170088,6.52
4.93646138807429,6.524
4.93157380254154,6.528
4.94134897360704,6.532
4.94623655913978,6.536
4.94623655913978,6.54
4.95112414467253,6.544
4.94623655913978,6.548
4.95112414467253,6.552
4.95601173020528,6.556
4.95112414467253,6.56
4.95601173020528,6.564
4.96089931573803,6.568
4.95601173020528,6.572
4.96089931573803,6.576
4.96578690127077,6.58
4.96089931573803,6.584
4.96089931573803,6.588
4.95601173020528,6.592
4.96089931573803,6.596
4.96578690127077,6.6
4.96089931573803,6.604
4.96578690127077,6.608
4.96578690127077,6.612
4.96578690127077,6.616
4.96089931573803,6.62
4.96578690127077,6.624
4.96089931573803,6.628
4.96089931573803,6.632
4.96089931573803,6.636
4.95601173020528,6.64
4.96089931573803,6.644
4.96089931573803,6.648
4.96089931573803,6.652
4.95601173020528,6.656
4.94623655913978,6.66
4.95112414467253,6.664
4.94134897360704,6.668
4.94134897360704,6.672
4.94134897360704,6.676
4.94134897360704,6.68
4.93157380254154,6.684
4.93157380254154,6.688
4.9266862170088,6.692
4.9169110459433,6.696
4.92179863147605,6.7
4.91202346041056,6.704
4.90224828934506,6.708
4.90713587487781,6.712
4.90224828934506,6.716
4.89736070381232,6.72
4.89247311827957,6.724
4.47214076246334,6.728
4.87292277614858,6.732
4.87292277614858,6.736
4.86314760508309,6.74
4.85826001955034,6.744
4.8533724340176,6.748
4.8533724340176,6.752
4.84848484848485,6.756
4.8435972629521,6.76
4.83382209188661,6.764
4.82893450635386,6.768
4.81915933528837,6.772
4.81427174975562,6.776
4.36461388074291,6.78
4.78005865102639,6.784
4.77517106549365,6.788
4.7702834799609,6.792
4.76539589442815,6.796
4.76050830889541,6.8
4.74584555229717,6.804
4.74095796676442,6.808
4.73118279569892,6.812
4.72140762463343,6.816
4.71163245356794,6.82
4.70674486803519,6.824
4.227761485826,6.828
4.19843597262952,6.832
4.64320625610948,6.836
4.63831867057674,6.84
4.62854349951124,6.844
4.62365591397849,6.848
4.613880742913,6.852
4.60410557184751,6.856
4.58944281524927,6.86
4.57966764418377,6.864
4.56989247311828,6.868
4.56011730205279,6.872
4.05180840664712,6.876
4.01270772238514,6.88
3.97360703812317,6.884
4.4574780058651,6.888
4.44770283479961,6.892
4.43792766373411,6.896
4.42815249266862,6.9
4.41348973607038,6.904
4.39882697947214,6.908
4.3841642228739,6.912
4.36950146627566,6.916
4.35483870967742,6.92
4.32551319648094,6.924
3.76344086021505,6.928
3.70967741935484,6.932
3.66568914956012,6.936
4.18866080156403,6.94
4.18377321603128,6.944
4.16911045943304,6.948
4.1544477028348,6.952
4.13000977517107,6.956
4.11534701857282,6.96
4.09579667644184,6.964
4.0713587487781,6.968
4.05180840664712,6.972
3.42619745845552,6.976
3.36265884652981,6.98
3.29912023460411,6.984
3.25024437927664,6.988
3.81720430107527,6.992
3.80742913000978,6.996
3.79276637341153,7
3.76344086021505,7.004
3.74389051808407,7.008
3.70967741935484,7.012
3.6852394916911,7.016
3.65102639296188,7.02
2.98631476050831,7.024
2.89345063538612,7.028
2.82013685239492,7.032
2.75659824046921,7.036
2.6930596285435,7.04
2.62952101661779,7.044
3.28445747800587,7.048
3.26001955034213,7.052
3.2258064516129,7.056
3.19159335288368,7.06
3.1524926686217,7.064
3.11339198435973,7.068
3.06451612903226,7.072
2.30205278592375,7.076
2.21407624633431,7.08
2.14076246334311,7.084
2.07233626588465,7.088
2.0039100684262,7.092
1.92570869990225,7.096
2.59530791788856,7.1
2.57086999022483,7.104
2.5366568914956,7.108
2.49755620723363,7.112
2.45845552297165,7.116
2.41935483870968,7.12
1.67644183773216,7.124
1.59335288367546,7.128
1.52981427174976,7.132
1.47116324535679,7.136
1.41251221896383,7.14
1.36363636363636,7.144
1.3049853372434,7.148
1.91104594330401,7.152
1.89638318670577,7.156
1.87683284457478,7.16
1.85239491691105,7.164
1.82795698924731,7.168
1.16813294232649,7.172
1.10459433040078,7.176
1.05571847507331,7.18
1.01661779081134,7.184
0.972629521016618,7.188
0.933528836754643,7.192
0.899315738025415,7.196
0.865102639296188,7.2
1.39784946236559,7.204
1.40273704789834,7.208
1.39296187683284,7.212
1.38318670576735,7.216
0.826001955034213,7.22
0.772238514173998,7.224
0.733137829912023,7.228
0.703812316715543,7.232
0.674486803519062,7.236
0.650048875855327,7.24
0.625610948191593,7.244
0.596285434995112,7.248
0.576735092864125,7.252
0.50830889540567,7.256
1.06549364613881,7.26
1.06549364613881,7.264
1.08993157380254,7.268
0.542521994134897,7.272
0.50830889540567,7.276
0.483870967741935,7.28
0.928641251221896,7.284
0.93841642228739,7.288
0.943304007820137,7.292
0.454545454545455,7.296
0.395894428152493,7.3
0.405669599217986,7.304
0.366568914956012,7.308
0.371456500488759,7.312
0.826001955034213,7.316
0.855327468230694,7.32
0.356793743890518,7.324
0.312805474095797,7.328
0.32258064516129,7.332
0.288367546432063,7.336
0.293255131964809,7.34
0.72336265884653,7.344
0.777126099706745,7.348
0.273704789833822,7.352
0.244379276637341,7.356
0.249266862170088,7.36
0.219941348973607,7.364
0.224828934506354,7.368
0.645161290322581,7.372
0.239491691104594,7.376
0.195503421309873,7.38
0.20039100684262,7.384
0.175953079178886,7.388
0.180840664711632,7.392
0.161290322580645,7.396
0.161290322580645,7.4
0.640273704789834,7.404
0.156402737047898,7.408
0.136852394916911,7.412
0.136852394916911,7.416
0.122189638318671,7.42
0.122189638318671,7.424
0.0391006842619746,7.428
0.571847507331378,7.432
0.112414467253177,7.436
0.0977517106549365,7.44
0.0977517106549365,7.444
0.083088954056696,7.448
0.083088954056696,7.452
0.0782013685239492,7.456
0.0733137829912024,7.46
0.0782013685239492,7.464
0.0635386119257087,7.468
0.0635386119257087,7.472
0.0537634408602151,7.476
0.0537634408602151,7.48
0.0488758553274682,7.484
0.0439882697947214,7.488
0.0439882697947214,7.492
0.0342130987292278,7.496
0.0342130987292278,7.5
0.0293255131964809,7.504
0.0293255131964809,7.508
0.0244379276637341,7.512
0.0244379276637341,7.516
0.0195503421309873,7.52
0.0195503421309873,7.524
0.0146627565982405,7.528
0.0146627565982405,7.532
0.0146627565982405,7.536
0.00977517106549365,7.54
0.00488758553274682,7.544
0.00488758553274682,7.548
0.00488758553274682,7.552
0,7.556
0,7.56
0,7.564
0,7.568
0,7.572
0,7.576
0,7.58
0,7.584
0,7.588
0,7.592
0,7.596
0,7.6
0,7.604
0,7.608
0,7.612
0,7.616
0,7.62
0,7.624
0,7.628
0,7.632
0,7.636
0,7.64
0,7.644
0,7.648
0,7.652
0,7.656
0.00977517106549365,7.66
0.00977517106549365,7.664
0.00977517106549365,7.668
0.00977517106549365,7.672
0.0146627565982405,7.676
0.0146627565982405,7.68
0.0195503421309873,7.684
0.0195503421309873,7.688
0.0244379276637341,7.692
0.0244379276637341,7.696
0.0244379276637341,7.7
0.0293255131964809,7.704
0.0342130987292278,7.708
0.0342130987292278,7.712
0.0391006842619746,7.716
0.0391006842619746,7.72
0,7.724
0.503421309872923,7.728
0.0635386119257087,7.732
0.0586510263929619,7.736
0.0684261974584555,7.74
0.0684261974584555,7.744
0.0733137829912024,7.748
0.0391006842619746,7.752
0.503421309872923,7.756
0.102639296187683,7.76
0.0928641251221896,7.764
0.102639296187683,7.768
0.0977517106549365,7.772
0.10752688172043,7.776
0.10752688172043,7.78
0.122189638318671,7.784
0.151515151515152,7.788
0.131964809384164,7.792
0.146627565982405,7.796
0.141739980449658,7.8
0.151515151515152,7.804
0.146627565982405,7.808
0.161290322580645,7.812
0.620723362658847,7.816
0.20039100684262,7.82
0.180840664711632,7.824
0.20039100684262,7.828
0.195503421309873,7.832
0.21505376344086,7.836
0.645161290322581,7.84
0.698924731182796,7.844
0.263929618768328,7.848
0.239491691104594,7.852
0.263929618768328,7.856
0.249266862170088,7.86
0.273704789833822,7.864
0.72336265884653,7.868
0.762463343108504,7.872
0.342130987292278,7.876
0.30791788856305,7.88
0.337243401759531,7.884
0.317693059628543,7.888
0.351906158357771,7.892
0.821114369501466,7.896
0.860215053763441,7.9
0.425219941348974,7.904
0.381231671554252,7.908
0.420332355816227,7.912
0.395894428152493,7.916
0.434995112414467,7.92
0.928641251221896,7.924
0.967741935483871,7.928
1.04594330400782,7.932
0.518084066471163,7.936
0.518084066471163,7.94
0.527859237536657,7.944
0.537634408602151,7.948
0.547409579667644,7.952
0.557184750733138,7.956
0.566959921798632,7.96
0.576735092864125,7.964
0.547409579667644,7.968
1.1485826001955,7.972
1.19745845552297,7.976
1.23655913978495,7.98
1.3049853372434,7.984
0.747800586510264,7.988
0.752688172043011,7.992
0.757575757575758,7.996
0.772238514173998,8
0.782013685239492,8.004
0.796676441837732,8.008
0.811339198435973,8.012
0.83088954056696,8.016
1.43695014662757,8.02
1.49560117302053,8.024
1.54936461388074,8.028
1.59335288367546,8.032
1.64222873900293,8.036
1.07038123167155,8.04
1.06549364613881,8.044
1.08015640273705,8.048
1.09481915933529,8.052
1.11436950146628,8.056
1.13391984359726,8.06
1.15347018572825,8.064
1.81329423264907,8.068
1.88660801564027,8.072
1.95014662756598,8.076
1.99902248289345,8.08
2.05278592375367,8.084
2.12121212121212,8.088
1.52492668621701,8.092
1.52003910068426,8.096
1.5347018572825,8.1
1.55425219941349,8.104
1.57869012707722,8.108
1.6080156402737,8.112
1.6080156402737,8.116
2.39491691104594,8.12
2.46823069403715,8.124
2.53176930596285,8.128
2.59042033235582,8.132
2.65395894428152,8.136
2.71749755620723,8.14
2.77126099706745,8.144
2.10654936461388,8.148
2.12609970674487,8.152
2.1505376344086,8.156
2.18963831867058,8.16
2.21407624633431,8.164
2.98631476050831,8.168
3.05962854349951,8.172
3.12805474095797,8.176
3.18670576735093,8.18
3.25024437927664,8.184
3.30400782013685,8.188
3.36265884652981,8.192
3.42130987292278,8.196
2.79569892473118,8.2
2.81036168132942,8.204
2.8396871945259,8.208
2.85923753665689,8.212
3.56793743890518,8.216
3.62658846529814,8.22
3.69012707722385,8.224
3.73900293255132,8.228
3.78787878787879,8.232
3.83186705767351,8.236
3.88074291300098,8.24
3.91984359726295,8.244
3.96383186705767,8.248
3.40175953079179,8.252
3.40664711632454,8.256
3.41642228739003,8.26
4.01759530791789,8.264
4.0713587487781,8.268
4.11534701857282,8.272
4.14956011730205,8.276
4.18377321603128,8.28
4.21798631476051,8.284
4.25219941348974,8.288
4.27663734115347,8.292
4.30596285434995,8.296
4.33040078201368,8.3
3.82697947214076,8.304
3.82209188660802,8.308
3.82697947214076,8.312
4.37438905180841,8.316
4.40371456500489,8.32
4.43304007820137,8.324
4.45259042033236,8.328
4.47702834799609,8.332
4.49657869012708,8.336
4.52101661779081,8.34
4.53567937438905,8.344
4.55522971652004,8.348
4.57478005865103,8.352
4.10068426197458,8.356
4.09579667644184,8.36
4.58944281524927,8.364
4.60410557184751,8.368
4.62365591397849,8.372
4.64320625610948,8.376
4.65786901270772,8.38
4.67253176930596,8.384
4.68230694037146,8.388
4.6969696969697,8.392
4.71163245356794,8.396
4.72140762463343,8.4
4.73607038123167,8.404
4.74095796676442,8.408
4.29130009775171,8.412
4.75073313782991,8.416
4.76539589442815,8.42
4.77517106549365,8.424
4.78494623655914,8.428
4.79960899315738,8.432
4.79960899315738,8.436
4.81427174975562,8.44
4.81915933528837,8.444
4.82893450635386,8.448
4.83382209188661,8.452
4.8435972629521,8.456
4.8533724340176,8.46
4.84848484848485,8.464
4.85826001955034,8.468
4.86803519061584,8.472
4.87292277614858,8.476
4.88269794721408,8.48
4.88269794721408,8.484
4.89247311827957,8.488
4.89247311827957,8.492
4.90224828934506,8.496
4.90713587487781,8.5
4.91202346041056,8.504
4.92179863147605,8.508
4.92179863147605,8.512
4.92179863147605,8.516
4.9266862170088,8.52
4.93157380254154,8.524
4.93157380254154,8.528
4.93646138807429,8.532
4.94134897360704,8.536
4.94134897360704,8.54
4.95112414467253,8.544
4.95112414467253,8.548
4.95601173020528,8.552
4.95601173020528,8.556
4.95601173020528,8.56
4.95601173020528,8.564
4.95601173020528,8.568
4.96089931573803,8.572
4.96089931573803,8.576
4.96578690127077,8.58
4.96578690127077,8.584
4.96578690127077,8.588
4.96089931573803,8.592
4.96089931573803,8.596
4.96089931573803,8.6
4.95601173020528,8.604
4.96089931573803,8.608
4.96089931573803,8.612
4.96578690127077,8.616
4.96089931573803,8.62
4.96578690127077,8.624
4.96578690127077,8.628
4.96578690127077,8.632
4.96089931573803,8.636
4.96089931573803,8.64
4.95601173020528,8.644
4.95112414467253,8.648
4.96089931573803,8.652
4.95112414467253,8.656
4.95601173020528,8.66
4.95112414467253,8.664
4.53079178885631,8.668
4.94623655913978,8.672
4.94134897360704,8.676
4.93646138807429,8.68
4.93646138807429,8.684
4.93157380254154,8.688
4.51612903225806,8.692
4.92179863147605,8.696
4.92179863147605,8.7
4.91202346041056,8.704
4.9169110459433,8.708
4.90713587487781,8.712
4.89247311827957,8.716
4.89247311827957,8.72
4.88758553274682,8.724
4.88758553274682,8.728
4.88269794721408,8.732
4.87292277614858,8.736
4.86314760508309,8.74
4.86314760508309,8.744
4.8533724340176,8.748
4.8533724340176,8.752
4.84848484848485,8.756
4.8435972629521,8.76
4.39393939393939,8.764
4.81427174975562,8.768
4.81427174975562,8.772
4.80449657869013,8.776
4.79960899315738,8.78
4.79472140762463,8.784
4.78005865102639,8.788
4.77517106549365,8.792
4.76539589442815,8.796
4.76050830889541,8.8
4.75073313782991,8.804
4.74584555229717,8.808
4.28152492668622,8.812
4.25219941348974,8.816
4.68230694037146,8.82
4.6871945259042,8.824
4.67253176930596,8.828
4.66764418377322,8.832
4.65786901270772,8.836
4.65298142717498,8.84
4.64320625610948,8.844
4.62854349951124,8.848
4.62365591397849,8.852
4.613880742913,8.856
4.59433040078201,8.86
4.0811339198436,8.864
4.04692082111437,8.868
4.52101661779081,8.872
4.51612903225806,8.876
4.50635386119257,8.88
4.49169110459433,8.884
4.48191593352884,8.888
4.47214076246334,8.892
4.45259042033236,8.896
4.44281524926686,8.9
4.43304007820137,8.904
4.41348973607038,8.908
3.86119257086999,8.912
3.81231671554252,8.916
3.76344086021505,8.92
4.27663734115347,8.924
4.27174975562072,8.928
4.26197458455523,8.932
4.24731182795699,8.936
4.227761485826,8.94
4.21309872922776,8.944
4.19354838709677,8.948
4.17888563049853,8.952
4.15933528836755,8.956
3.57282502443793,8.96
3.49951124144673,8.964
3.44086021505376,8.968
3.3919843597263,8.972
3.93939393939394,8.976
3.93450635386119,8.98
3.91984359726295,8.984
3.90029325513196,8.988
3.87585532746823,8.992
3.8514173998045,8.996
3.82697947214076,9
3.79765395894428,9.004
3.75366568914956,9.008
3.07429130009775,9.012
3.0058651026393,9.016
2.93743890518084,9.02
2.87878787878788,9.024
2.82502443792766,9.028
3.46041055718475,9.032
3.43597262952102,9.036
3.41153470185728,9.04
3.37732160312805,9.044
3.34310850439883,9.048
3.3088954056696,9.052
3.26979472140762,9.056
2.52688172043011,9.06
2.43890518084066,9.064
2.36070381231672,9.068
2.29227761485826,9.072
2.2238514173998,9.076
2.1505376344086,9.08
2.81036168132942,9.084
2.78592375366569,9.088
2.75171065493646,9.092
2.71260997067449,9.096
2.67350928641251,9.1
2.63440860215054,9.104
1.89638318670577,9.108
1.80840664711632,9.112
1.73020527859238,9.116
1.66666666666667,9.12
1.60312805474096,9.124
1.53958944281525,9.128
1.48582600195503,9.132
2.10166177908113,9.136
2.09188660801564,9.14
2.06256109481916,9.144
2.03323558162268,9.148
2.0039100684262,9.152
1.98435972629521,9.156
1.26099706744868,9.16
1.19745845552297,9.164
1.15347018572825,9.168
1.10459433040078,9.172
1.06060606060606,9.176
1.02150537634409,9.18
0.982404692082111,9.184
0.899315738025415,9.188
1.5347018572825,9.192
1.52492668621701,9.196
1.50537634408602,9.2
1.51515151515152,9.204
0.874877810361681,9.208
0.83088954056696,9.212
0.791788856304985,9.216
0.762463343108504,9.22
0.733137829912023,9.224
0.708699902248289,9.228
0.679374389051808,9.232
0.654936461388074,9.236
0.625610948191593,9.24
1.15347018572825,9.244
1.15347018572825,9.248
1.1485826001955,9.252
0.620723362658847,9.256
0.581622678396872,9.26
0.552297165200391,9.264
0.527859237536657,9.268
0.50830889540567,9.272
0.488758553274682,9.276
0.469208211143695,9.28
0.488758553274682,9.284
0.459433040078201,9.288
0.41544477028348,9.292
0.425219941348974,9.296
0.889540566959922,9.3
0.894428152492669,9.304
0.41544477028348,9.308
0.361681329423265,9.312
0.366568914956012,9.316
0.332355816226784,9.32
0.337243401759531,9.324
0.782013685239492,9.328
0.826001955034213,9.332
0.327468230694037,9.336
0.283479960899316,9.34
0.288367546432063,9.344
0.259042033235582,9.348
0.263929618768328,9.352
0.684261974584555,9.356
0.747800586510264,9.36
0.249266862170088,9.364
0.219941348973607,9.368
0.219941348973607,9.372
0.20039100684262,9.376
0.20039100684262,9.38
0.610948191593353,9.384
0.210166177908113,9.388
0.171065493646139,9.392
0.175953079178886,9.396
0.156402737047898,9.4
0.156402737047898,9.404
0.141739980449658,9.408
0.136852394916911,9.412
0.161290322580645,9.416
0.127077223851417,9.42
0.127077223851417,9.424
0.112414467253177,9.428
0.112414467253177,9.432
0.0977517106549365,9.436
0.0977517106549365,9.44
0.552297165200391,9.444
0.0928641251221896,9.448
0.083088954056696,9.452
0.0782013685239492,9.456
0.0733137829912024,9.46
0.0684261974584555,9.464
0.0586510263929619,9.468
0.0586510263929619,9.472
0.0635386119257087,9.476
0.0488758553274682,9.48
0.0488758553274682,9.484
0.0439882697947214,9.488
0.0391006842619746,9.492
0.0391006842619746,9.496
0,9.5
0.0391006842619746,9.504
0.0293255131964809,9.508
0.0293255131964809,9.512
0.0244379276637341,9.516
0.0244379276637341,9.52
0.0195503421309873,9.524
0.0146627565982405,9.528
0.0146627565982405,9.532
0.0146627565982405,9.536
0.00977517106549365,9.54
0.00488758553274682,9.544
0.00488758553274682,9.548
0.00488758553274682,9.552
0.00488758553274682,9.556
0,9.56
0,9.564
0,9.568
0,9.572
0,9.576
0,9.58
0,9.584
0,9.588
0,9.592
0,9.596
0,9.6
0,9.604
0,9.608
0,9.612
0,9.616
0,9.62
0,9.624
0,9.628
0,9.632
0,9.636
0,9.64
0,9.644
0,9.648
0.00488758553274682,9.652
0.00488758553274682,9.656
0.00488758553274682,9.66
0.00488758553274682,9.664
0.00977517106549365,9.668
0.00977517106549365,9.672
0.0146627565982405,9.676
0.0146627565982405,9.68
0.0195503421309873,9.684
0.0195503421309873,9.688
0.0195503421309873,9.692
0.0244379276637341,9.696
0.0244379276637341,9.7
0,9.704
0.0488758553274682,9.708
0.0391006842619746,9.712
0.0391006842619746,9.716
0.0439882697947214,9.72
0.0439882697947214,9.724
0.0488758553274682,9.728
0.0537634408602151,9.732
0,9.736
0.518084066471163,9.74
0.0782013685239492,9.744
0.0733137829912024,9.748
0.083088954056696,9.752
0.0782013685239492,9.756
0.0879765395894428,9.76
0.0782013685239492,9.764
0.0977517106549365,9.768
0.117302052785924,9.772
0.102639296187683,9.776
0.122189638318671,9.78
0.117302052785924,9.784
0.131964809384164,9.788
0.117302052785924,9.792
0.136852394916911,9.796
0.171065493646139,9.8
0.146627565982405,9.804
0.166177908113392,9.808
0.156402737047898,9.812
0.171065493646139,9.816
0.166177908113392,9.82
0.185728250244379,9.824
0.679374389051808,9.828
0.224828934506354,9.832
0.205278592375367,9.836
0.229716520039101,9.84
0.21505376344086,9.844
0.239491691104594,9.848
0.674486803519062,9.852
0.708699902248289,9.856
0.293255131964809,9.86
0.263929618768328,9.864
0.293255131964809,9.868
0.278592375366569,9.872
0.303030303030303,9.876
0.762463343108504,9.88
0.801564027370479,9.884
0.376344086021505,9.888
0.337243401759531,9.892
0.371456500488759,9.896
0.351906158357771,9.9
0.381231671554252,9.904
0.865102639296188,9.908
0.899315738025415,9.912
0.464320625610948,9.916
0.420332355816227,9.92
0.459433040078201,9.924
0.439882697947214,9.928
0.474095796676442,9.932
0.982404692082111,9.936
1.02150537634409,9.94
1.08993157380254,9.944
0.566959921798632,9.948
0.566959921798632,9.952
0.576735092864125,9.956
0.586510263929619,9.96
0.596285434995112,9.964
0.606060606060606,9.968
0.620723362658847,9.972
0.63049853372434,9.976
0.625610948191593,9.98
1.21700879765396,9.984
1.26588465298143,9.988
1.30987292277615,9.992
1.36363636363636,9.996
0.81622678396872,10
