0,0.002
2.72727272727273,0.004
2.74682306940371,0.006
2.77126099706745,0.008
2.7761485826002,0.01
2.79081133919844,0.012
2.79081133919844,0.014
2.8396871945259,0.016
2.83479960899316,0.018
2.54154447702835,0.02
2.57575757575758,0.022
2.60019550342131,0.024
2.6197458455523,0.026
2.62952101661779,0.028
2.66373411534702,0.03
2.68817204301075,0.032
2.70772238514174,0.034
2.72727272727273,0.036
2.74682306940371,0.038
2.77126099706745,0.04
2.7761485826002,0.042
2.79081133919844,0.044
2.79081133919844,0.046
2.8396871945259,0.048
NaN,0.05
2.63440860215054,0.052
2.64907135874878,0.054
2.65395894428152,0.056
2.64907135874878,0.058
2.64907135874878,0.06
2.64907135874878,0.062
2.64907135874878,0.064
2.64907135874878,0.066
2.64907135874878,0.068
2.64418377321603,0.07
2.65395894428152,0.072
2.65395894428152,0.074
2.64907135874878,0.076
2.65884652981427,0.078
2.65884652981427,0.08
2.65884652981427,0.082
2.64907135874878,0.084
2.65395894428152,0.086
2.65884652981427,0.088
2.66373411534702,0.09
2.68328445747801,0.092
2.68817204301075,0.094
2.69794721407625,0.096
2.70772238514174,0.098
2.70772238514174,0.1
2.71749755620723,0.102
2.72238514173998,0.104
2.73216031280547,0.106
2.73704789833822,0.108
2.72727272727273,0.11
2.73216031280547,0.112
2.74193548387097,0.114
2.74682306940371,0.116
2.77126099706745,0.118
2.78103616813294,0.12
2.78103616813294,0.122
2.78103616813294,0.124
2.81524926686217,0.126
2.81036168132942,0.128
2.83479960899316,0.13
2.8396871945259,0.132
2.85434995112414,0.134
2.82991202346041,0.136
2.85434995112414,0.138
2.86412512218964,0.14
2.86901270772239,0.142
2.89345063538612,0.144
2.90322580645161,0.146
2.9227761485826,0.148
2.93743890518084,0.15
2.94232649071359,0.152
2.96187683284457,0.154
2.96676441837732,0.156
2.98631476050831,0.158
2.9960899315738,0.16
2.9960899315738,0.162
3.0058651026393,0.164
3.03030303030303,0.166
3.04496578690127,0.168
3.04985337243402,0.17
3.07429130009775,0.172
3.06451612903226,0.174
3.09384164222874,0.176
3.11339198435973,0.178
3.12316715542522,0.18
3.14271749755621,0.182
3.14760508308895,0.184
3.16715542521994,0.186
3.16226783968719,0.188
3.18181818181818,0.19
3.20136852394917,0.192
3.21603128054741,0.194
3.2355816226784,0.196
3.25024437927664,0.198
3.26490713587488,0.2
3.27956989247312,0.202
3.29423264907136,0.204
3.29912023460411,0.206
3.31378299120235,0.208
3.33333333333333,0.21
3.34799608993157,0.212
3.34799608993157,0.214
3.37243401759531,0.216
3.3919843597263,0.218
3.40664711632454,0.22
3.42130987292278,0.222
3.43108504398827,0.224
3.45063538611926,0.226
3.4652981427175,0.228
3.47996089931574,0.23
3.49462365591398,0.232
3.50928641251222,0.234
3.52394916911046,0.236
3.53372434017595,0.238
3.51417399804497,0.24
3.56304985337243,0.242
3.55816226783969,0.244
3.59237536656891,0.246
3.60215053763441,0.248
3.61681329423265,0.25
3.63636363636364,0.252
3.63147605083089,0.254
3.66080156402737,0.256
3.68035190615836,0.258
3.69012707722385,0.26
3.70478983382209,0.262
3.71456500488759,0.264
3.73411534701857,0.266
3.74877810361681,0.268
3.74877810361681,0.27
3.7683284457478,0.272
3.78299120234604,0.274
3.79276637341153,0.276
3.80742913000978,0.278
3.82697947214076,0.28
3.83186705767351,0.282
3.8514173998045,0.284
3.86608015640274,0.286
3.87585532746823,0.288
3.88563049853372,0.29
3.90029325513196,0.292
3.91984359726295,0.294
3.91006842619746,0.296
3.92961876832845,0.298
3.92961876832845,0.3
3.95894428152493,0.302
3.96871945259042,0.304
3.96871945259042,0.306
3.98826979472141,0.308
3.98338220918866,0.31
4.01759530791789,0.312
4.03225806451613,0.314
4.03714565004888,0.316
4.03714565004888,0.318
4.06158357771261,0.32
4.06158357771261,0.322
4.0713587487781,0.324
4.07624633431085,0.326
4.09090909090909,0.328
4.10557184750733,0.33
4.11045943304008,0.332
4.12512218963832,0.334
4.13489736070381,0.336
4.13978494623656,0.338
4.1544477028348,0.34
4.1544477028348,0.342
4.16911045943304,0.344
4.17399804496579,0.346
4.18377321603128,0.348
4.19354838709677,0.35
4.17399804496579,0.352
4.20332355816227,0.354
4.20821114369501,0.356
4.21798631476051,0.358
4.21798631476051,0.36
4.2375366568915,0.362
4.23264907135875,0.364
4.24731182795699,0.366
4.2375366568915,0.368
4.25708699902248,0.37
4.26197458455523,0.372
4.26686217008798,0.374
4.26686217008798,0.376
4.27174975562072,0.378
4.25708699902248,0.38
4.28152492668622,0.382
4.28152492668622,0.384
4.29130009775171,0.386
4.28152492668622,0.388
4.29618768328446,0.39
4.28152492668622,0.392
4.29130009775171,0.394
4.30596285434995,0.396
4.3108504398827,0.398
4.3108504398827,0.4
4.31573802541544,0.402
4.31573802541544,0.404
4.32062561094819,0.406
4.3108504398827,0.408
4.32062561094819,0.41
4.3108504398827,0.412
4.29618768328446,0.414
4.31573802541544,0.416
4.29130009775171,0.418
4.29618768328446,0.42
4.31573802541544,0.422
4.30596285434995,0.424
4.31573802541544,0.426
4.30596285434995,0.428
4.31573802541544,0.43
4.3010752688172,0.432
4.3108504398827,0.434
4.30596285434995,0.436
4.30596285434995,0.438
4.3010752688172,0.44
4.28641251221896,0.442
4.27174975562072,0.444
4.27663734115347,0.446
4.27663734115347,0.448
4.27174975562072,0.45
4.26686217008798,0.452
4.26686217008798,0.454
4.26197458455523,0.456
4.26197458455523,0.458
4.24731182795699,0.46
4.25219941348974,0.462
4.24731182795699,0.464
4.24242424242424,0.466
4.20821114369501,0.468
4.21309872922776,0.47
4.20332355816227,0.472
4.20821114369501,0.474
4.19843597262952,0.476
4.19354838709677,0.478
4.18377321603128,0.48
4.17888563049853,0.482
4.16911045943304,0.484
4.16422287390029,0.486
4.14956011730205,0.488
4.14467253176931,0.49
4.12512218963832,0.492
4.11534701857282,0.494
4.10068426197458,0.496
4.09090909090909,0.498
4.09579667644184,0.5
4.09090909090909,0.502
4.07624633431085,0.504
4.06647116324536,0.506
4.05180840664712,0.508
4.04203323558162,0.51
4.02737047898338,0.512
4.01759530791789,0.514
3.99315738025415,0.516
3.98338220918866,0.518
3.96871945259042,0.52
3.95405669599218,0.522
3.93939393939394,0.524
3.93939393939394,0.526
3.9247311827957,0.528
3.91495601173021,0.53
3.90029325513196,0.532
3.89051808406647,0.534
3.87096774193548,0.536
3.85630498533724,0.538
3.841642228739,0.54
3.81231671554252,0.542
3.79276637341153,0.544
3.78299120234604,0.546
3.7683284457478,0.548
3.74877810361681,0.55
3.73411534701857,0.552
3.73411534701857,0.554
3.71945259042033,0.556
3.69990224828934,0.558
3.69012707722385,0.56
3.67546432062561,0.562
3.65591397849462,0.564
3.6217008797654,0.566
3.60215053763441,0.568
3.58260019550342,0.57
3.56304985337243,0.572
3.55327468230694,0.574
3.52883675464321,0.576
3.51417399804497,0.578
3.51417399804497,0.58
3.49462365591398,0.582
3.47507331378299,0.584
3.4652981427175,0.586
3.44574780058651,0.588
3.41153470185728,0.59
3.38709677419355,0.592
3.36754643206256,0.594
3.34799608993157,0.596
3.32844574780059,0.598
3.3088954056696,0.6
3.29423264907136,0.602
3.26490713587488,0.604
3.26490713587488,0.606
3.25024437927664,0.608
3.2355816226784,0.61
3.21114369501466,0.612
3.17693059628543,0.614
3.15738025415445,0.616
3.13294232649071,0.618
3.10850439882698,0.62
3.08406647116325,0.622
3.06451612903226,0.624
3.04496578690127,0.626
3.01564027370479,0.628
3.0058651026393,0.63
2.98142717497556,0.632
2.98142717497556,0.634
2.96187683284457,0.636
2.94721407624633,0.638
2.90322580645161,0.64
2.88367546432063,0.642
2.86412512218964,0.644
2.8396871945259,0.646
2.81524926686217,0.648
2.79569892473118,0.65
2.77126099706745,0.652
2.74682306940371,0.654
2.72727272727273,0.656
2.70772238514174,0.658
2.6930596285435,0.66
2.68817204301075,0.662
2.64907135874878,0.664
2.62463343108504,0.666
2.60508308895406,0.668
2.58064516129032,0.67
2.56109481915934,0.672
2.54154447702835,0.674
2.51710654936461,0.676
2.49266862170088,0.678
2.46823069403715,0.68
2.44868035190616,0.682
2.42424242424242,0.684
2.42424242424242,0.686
2.3900293255132,0.688
2.36559139784946,0.69
2.34115347018573,0.692
2.32160312805474,0.694
2.30205278592375,0.696
2.27761485826002,0.698
2.25806451612903,0.7
2.2336265884653,0.702
2.21407624633431,0.704
2.19452590420332,0.706
2.17008797653959,0.708
2.1505376344086,0.71
2.14565004887586,0.712
2.11143695014663,0.714
2.08699902248289,0.716
2.06744868035191,0.718
2.04301075268817,0.72
2.02346041055718,0.722
2.0039100684262,0.724
1.97947214076246,0.726
1.95992179863148,0.728
1.94037145650049,0.73
1.9208211143695,0.732
1.90127077223851,0.734
1.87683284457478,0.736
1.86217008797654,0.738
1.83773216031281,0.74
1.81818181818182,0.742
1.79863147605083,0.744
1.77908113391984,0.746
1.75953079178886,0.748
1.73998044965787,0.75
1.72043010752688,0.752
1.70087976539589,0.754
1.68132942326491,0.756
1.66177908113392,0.758
1.64222873900293,0.76
1.62756598240469,0.762
1.6080156402737,0.764
1.58846529814272,0.766
1.56891495601173,0.768
1.55425219941349,0.77
1.52981427174976,0.772
1.51026392961877,0.774
1.49560117302053,0.776
1.48093841642229,0.778
1.4613880742913,0.78
1.44183773216031,0.782
1.42717497556207,0.784
1.40762463343109,0.786
1.39296187683284,0.788
1.37341153470186,0.79
1.36363636363636,0.792
1.34408602150538,0.794
1.32453567937439,0.796
1.3147605083089,0.798
1.29521016617791,0.8
1.28054740957967,0.802
1.26588465298143,0.804
1.25122189638319,0.806
1.23655913978495,0.808
1.22189638318671,0.81
1.20723362658847,0.812
1.18279569892473,0.814
1.16813294232649,0.816
1.16324535679374,0.818
1.1485826001955,0.82
1.13880742913001,0.822
1.12414467253177,0.824
1.10948191593353,0.826
1.09970674486804,0.828
1.08504398826979,0.83
1.07038123167155,0.832
1.05083088954057,0.834
1.05083088954057,0.836
1.03128054740958,0.838
1.01661779081134,0.84
1.01173020527859,0.842
0.997067448680352,0.844
0.992179863147605,0.846
0.977517106549365,0.848
0.967741935483871,0.85
0.957966764418377,0.852
0.948191593352884,0.854
0.93841642228739,0.856
0.928641251221896,0.858
0.92375366568915,0.86
0.913978494623656,0.862
0.899315738025415,0.864
0.899315738025415,0.866
0.879765395894428,0.868
0.879765395894428,0.87
0.869990224828935,0.872
0.855327468230694,0.874
0.850439882697947,0.876
0.850439882697947,0.878
0.8455522971652,0.88
0.835777126099707,0.882
0.83088954056696,0.884
0.826001955034213,0.886
0.821114369501466,0.888
0.826001955034213,0.89
0.811339198435973,0.892
0.806451612903226,0.894
0.801564027370479,0.896
0.796676441837732,0.898
0.786901270772238,0.9
0.791788856304985,0.902
0.786901270772238,0.904
0.782013685239492,0.906
0.777126099706745,0.908
0.772238514173998,0.91
0.772238514173998,0.912
0.762463343108504,0.914
0.782013685239492,0.916
0.772238514173998,0.918
0.772238514173998,0.92
0.762463343108504,0.922
0.762463343108504,0.924
0.762463343108504,0.926
0.762463343108504,0.928
0.757575757575758,0.93
0.757575757575758,0.932
0.762463343108504,0.934
0.762463343108504,0.936
0.762463343108504,0.938
0.777126099706745,0.94
0.782013685239492,0.942
0.777126099706745,0.944
0.772238514173998,0.946
0.777126099706745,0.948
0.772238514173998,0.95
0.782013685239492,0.952
0.782013685239492,0.954
0.782013685239492,0.956
0.786901270772238,0.958
0.791788856304985,0.96
0.796676441837732,0.962
0.811339198435973,0.964
0.81622678396872,0.966
0.826001955034213,0.968
0.826001955034213,0.97
0.826001955034213,0.972
0.83088954056696,0.974
0.835777126099707,0.976
0.840664711632454,0.978
0.8455522971652,0.98
0.850439882697947,0.982
0.860215053763441,0.984
0.860215053763441,0.986
0.860215053763441,0.988
0.894428152492669,0.99
0.904203323558162,0.992
0.909090909090909,0.994
0.928641251221896,0.996
0.913978494623656,0.998
0.928641251221896,1
0.933528836754643,1.002
0.943304007820137,1.004
0.953079178885631,1.006
0.957966764418377,1.008
0.972629521016618,1.01
0.977517106549365,1.012
0.997067448680352,1.014
1.01661779081134,1.016
1.02639296187683,1.018
1.04105571847507,1.02
1.05083088954057,1.022
1.05571847507331,1.024
1.06549364613881,1.026
1.0752688172043,1.028
1.08504398826979,1.03
1.09970674486804,1.032
1.10948191593353,1.034
1.12414467253177,1.036
1.1485826001955,1.038
1.16324535679374,1.04
1.18279569892473,1.042
1.19745845552297,1.044
1.21212121212121,1.046
1.22678396871945,1.048
1.22678396871945,1.05
1.23655913978495,1.052
1.25122189638319,1.054
1.27077223851417,1.056
1.28054740957967,1.058
1.29521016617791,1.06
1.30987292277615,1.062
1.34408602150538,1.064
1.35874877810362,1.066
1.3782991202346,1.068
1.39784946236559,1.07
1.41251221896383,1.072
1.42717497556207,1.074
1.45161290322581,1.076
1.44672531769306,1.078
1.4613880742913,1.08
1.47605083088954,1.082
1.49560117302053,1.084
1.50537634408602,1.086
1.544477028348,1.088
1.56402737047898,1.09
1.58357771260997,1.092
1.60312805474096,1.094
1.62267839687195,1.096
1.64222873900293,1.098
1.65689149560117,1.1
1.68132942326491,1.102
1.68132942326491,1.104
1.69599217986315,1.106
1.71065493646139,1.108
1.73020527859238,1.11
1.7644183773216,1.112
1.78885630498534,1.114
1.80840664711632,1.116
1.82795698924731,1.118
1.8475073313783,1.12
1.87194525904203,1.122
1.89149560117302,1.124
1.91104594330401,1.126
1.930596285435,1.128
1.93548387096774,1.13
1.95503421309873,1.132
1.96969696969697,1.134
2.0039100684262,1.136
2.02834799608993,1.138
2.05278592375367,1.14
2.07233626588465,1.142
2.09677419354839,1.144
2.11632453567937,1.146
2.13587487781036,1.148
2.15542521994135,1.15
2.17497556207234,1.152
2.19941348973607,1.154
2.20430107526882,1.156
2.2238514173998,1.158
2.24340175953079,1.16
2.27761485826002,1.162
2.30205278592375,1.164
2.32649071358749,1.166
2.34604105571848,1.168
2.36559139784946,1.17
2.38514173998045,1.172
2.40957966764418,1.174
2.42913000977517,1.176
2.44868035190616,1.178
2.47311827956989,1.18
2.48289345063539,1.182
2.49755620723363,1.184
2.53176930596285,1.186
2.55620723362659,1.188
2.58064516129032,1.19
2.60019550342131,1.192
2.6197458455523,1.194
2.63929618768328,1.196
2.66373411534702,1.198
2.68328445747801,1.2
2.70772238514174,1.202
2.72727272727273,1.204
2.74682306940371,1.206
2.75171065493646,1.208
2.77126099706745,1.21
2.80547409579668,1.212
2.82991202346041,1.214
2.85434995112414,1.216
2.86901270772239,1.218
2.88856304985337,1.22
2.90811339198436,1.222
2.93255131964809,1.224
2.95210166177908,1.226
2.97165200391007,1.228
2.99120234604106,1.23
3.01564027370479,1.232
3.02052785923754,1.234
3.04985337243402,1.236
3.07429130009775,1.238
3.08895405669599,1.24
3.10850439882698,1.242
3.12805474095797,1.244
3.14760508308895,1.246
3.16715542521994,1.248
3.18670576735093,1.25
3.20625610948192,1.252
3.2258064516129,1.254
3.24535679374389,1.256
3.26490713587488,1.258
3.26490713587488,1.26
3.30400782013685,1.262
3.31867057673509,1.264
3.33822091886608,1.266
3.35288367546432,1.268
3.37732160312805,1.27
3.38709677419355,1.272
3.41153470185728,1.274
3.42619745845552,1.276
3.44086021505376,1.278
3.46041055718475,1.28
3.47996089931574,1.282
3.49462365591398,1.284
3.50928641251222,1.286
3.52394916911046,1.288
3.54349951124145,1.29
3.55816226783969,1.292
3.57282502443793,1.294
3.59237536656891,1.296
3.6119257086999,1.298
3.6217008797654,1.3
3.64125122189638,1.302
3.65591397849462,1.304
3.66568914956012,1.306
3.68035190615836,1.308
3.6950146627566,1.31
3.70967741935484,1.312
3.72434017595308,1.314
3.73900293255132,1.316
3.75855327468231,1.318
3.7683284457478,1.32
3.78299120234604,1.322
3.79276637341153,1.324
3.81231671554252,1.326
3.81720430107527,1.328
3.83186705767351,1.33
3.841642228739,1.332
3.86119257086999,1.334
3.86608015640274,1.336
3.88074291300098,1.338
3.89540566959922,1.34
3.90518084066471,1.342
3.91495601173021,1.344
3.9247311827957,1.346
3.93450635386119,1.348
3.94916911045943,1.35
3.95894428152493,1.352
3.96871945259042,1.354
3.97849462365591,1.356
3.98826979472141,1.358
3.9980449657869,1.36
3.9980449657869,1.362
4.01270772238514,1.364
4.02248289345064,1.366
4.03225806451613,1.368
4.03714565004888,1.37
4.04203323558162,1.372
4.05180840664712,1.374
4.05669599217986,1.376
4.06647116324536,1.378
4.0713587487781,1.38
4.08602150537634,1.382
4.09090909090909,1.384
4.09090909090909,1.386
4.08602150537634,1.388
4.10557184750733,1.39
4.10557184750733,1.392
4.11045943304008,1.394
4.11534701857282,1.396
4.12023460410557,1.398
4.13000977517107,1.4
4.13000977517107,1.402
4.13489736070381,1.404
4.13978494623656,1.406
4.13489736070381,1.408
4.13978494623656,1.41
4.13489736070381,1.412
4.13489736070381,1.414
4.14467253176931,1.416
4.14956011730205,1.418
4.14956011730205,1.42
4.1544477028348,1.422
4.14956011730205,1.424
4.1544477028348,1.426
4.15933528836755,1.428
4.15933528836755,1.43
4.14956011730205,1.432
4.15933528836755,1.434
4.14956011730205,1.436
4.13978494623656,1.438
4.13489736070381,1.44
4.14467253176931,1.442
4.14467253176931,1.444
4.14467253176931,1.446
4.14467253176931,1.448
4.14467253176931,1.45
4.13978494623656,1.452
4.13978494623656,1.454
4.13489736070381,1.456
4.13000977517107,1.458
4.12512218963832,1.46
4.10557184750733,1.462
4.09579667644184,1.464
4.09579667644184,1.466
4.10068426197458,1.468
4.10068426197458,1.47
4.09579667644184,1.472
4.09090909090909,1.474
4.08602150537634,1.476
4.0811339198436,1.478
4.06647116324536,1.48
4.06647116324536,1.482
4.05669599217986,1.484
4.03714565004888,1.486
4.02248289345064,1.488
4.01759530791789,1.49
4.00782013685239,1.492
4.01759530791789,1.494
4.00293255131965,1.496
4.00293255131965,1.498
3.98826979472141,1.5
3.97849462365591,1.502
3.96871945259042,1.504
3.96383186705767,1.506
3.95405669599218,1.508
3.93939393939394,1.51
3.91495601173021,1.512
3.91006842619746,1.514
3.90029325513196,1.516
3.88074291300098,1.518
3.87096774193548,1.52
3.87585532746823,1.522
3.86119257086999,1.524
3.8514173998045,1.526
3.83675464320626,1.528
3.82697947214076,1.53
3.81720430107527,1.532
3.80254154447703,1.534
3.77810361681329,1.536
3.76344086021505,1.538
3.73900293255132,1.54
3.72922776148583,1.542
3.71456500488759,1.544
3.69990224828934,1.546
3.6950146627566,1.548
3.6852394916911,1.55
3.67546432062561,1.552
3.66080156402737,1.554
3.64613880742913,1.556
3.63147605083089,1.558
3.60215053763441,1.56
3.58260019550342,1.562
3.56304985337243,1.564
3.54838709677419,1.566
3.52883675464321,1.568
3.51417399804497,1.57
3.49462365591398,1.572
3.49462365591398,1.574
3.47996089931574,1.576
3.47018572825024,1.578
3.45063538611926,1.58
3.43108504398827,1.582
3.40664711632454,1.584
3.3822091886608,1.586
3.35777126099707,1.588
3.34310850439883,1.59
3.32355816226784,1.592
3.30400782013685,1.594
3.28445747800587,1.596
3.26979472140762,1.598
3.26490713587488,1.6
3.25024437927664,1.602
3.23069403714565,1.604
3.21603128054741,1.606
3.19648093841642,1.608
3.15738025415445,1.61
3.13782991202346,1.612
3.11339198435973,1.614
3.09872922776149,1.616
3.07429130009775,1.618
3.05474095796676,1.62
3.04007820136852,1.622
3.02052785923754,1.624
2.9960899315738,1.626
2.9960899315738,1.628
2.98142717497556,1.63
2.95210166177908,1.632
2.91788856304985,1.634
2.89833822091887,1.636
2.87390029325513,1.638
2.85923753665689,1.64
2.83479960899316,1.642
2.81036168132942,1.644
2.79569892473118,1.646
2.77126099706745,1.648
2.75171065493646,1.65
2.73216031280547,1.652
2.72727272727273,1.654
2.70283479960899,1.656
2.67350928641251,1.658
2.64907135874878,1.66
2.62952101661779,1.662
2.60508308895406,1.664
2.58553274682307,1.666
2.56598240469208,1.668
2.54154447702835,1.67
2.52199413489736,1.672
2.49755620723363,1.674
2.47311827956989,1.676
2.45356793743891,1.678
2.44868035190616,1.68
2.43401759530792,1.682
2.39491691104594,1.684
2.37047898338221,1.686
2.35092864125122,1.688
2.33137829912023,1.69
2.3069403714565,1.692
2.28739002932551,1.694
2.26295210166178,1.696
2.24340175953079,1.698
2.2238514173998,1.7
2.19941348973607,1.702
2.17986314760508,1.704
2.17497556207234,1.706
2.14076246334311,1.708
2.12121212121212,1.71
2.09677419354839,1.712
2.0772238514174,1.714
2.05767350928641,1.716
2.03323558162268,1.718
2.01368523949169,1.72
1.98924731182796,1.722
1.96969696969697,1.724
1.95014662756598,1.726
1.930596285435,1.728
1.91104594330401,1.73
1.91104594330401,1.732
1.87194525904203,1.734
1.85239491691105,1.736
1.83284457478006,1.738
1.81329423264907,1.74
1.79374389051808,1.742
1.76930596285435,1.744
1.74975562072336,1.746
1.73020527859238,1.748
1.71554252199413,1.75
1.69599217986315,1.752
1.67644183773216,1.754
1.65689149560117,1.756
1.64222873900293,1.758
1.6177908113392,1.76
1.60312805474096,1.762
1.58357771260997,1.764
1.56891495601173,1.766
1.544477028348,1.768
1.52981427174976,1.77
1.51026392961877,1.772
1.49560117302053,1.774
1.47605083088954,1.776
1.4613880742913,1.778
1.44183773216031,1.78
1.42717497556207,1.782
1.40762463343109,1.784
1.39296187683284,1.786
1.37341153470186,1.788
1.35386119257087,1.79
1.33919843597263,1.792
1.32453567937439,1.794
1.30987292277615,1.796
1.29521016617791,1.798
1.27565982404692,1.8
1.26099706744868,1.802
1.25122189638319,1.804
1.2316715542522,1.806
1.22189638318671,1.808
1.20234604105572,1.81
1.19257086999022,1.812
1.17302052785924,1.814
1.16324535679374,1.816
1.1485826001955,1.818
1.13391984359726,1.82
1.11925708699902,1.822
1.10948191593353,1.824
1.09481915933529,1.826
1.08015640273705,1.828
1.07038123167155,1.83
1.05571847507331,1.832
1.04594330400782,1.834
1.03128054740958,1.836
1.02150537634409,1.838
1.00684261974585,1.84
0.997067448680352,1.842
0.987292277614858,1.844
0.977517106549365,1.846
0.967741935483871,1.848
0.957966764418377,1.85
0.943304007820137,1.852
0.93841642228739,1.854
0.92375366568915,1.856
0.913978494623656,1.858
0.909090909090909,1.86
0.899315738025415,1.862
0.894428152492669,1.864
0.879765395894428,1.866
0.874877810361681,1.868
0.865102639296188,1.87
0.860215053763441,1.872
0.850439882697947,1.874
0.8455522971652,1.876
0.835777126099707,1.878
0.83088954056696,1.88
0.826001955034213,1.882
0.826001955034213,1.884
0.81622678396872,1.886
0.811339198435973,1.888
0.801564027370479,1.89
0.801564027370479,1.892
0.791788856304985,1.894
0.786901270772238,1.896
0.786901270772238,1.898
0.777126099706745,1.9
0.777126099706745,1.902
0.772238514173998,1.904
0.772238514173998,1.906
0.762463343108504,1.908
0.772238514173998,1.91
0.767350928641251,1.912
0.762463343108504,1.914
0.762463343108504,1.916
0.757575757575758,1.918
0.757575757575758,1.92
0.752688172043011,1.922
0.752688172043011,1.924
0.752688172043011,1.926
0.752688172043011,1.928
0.752688172043011,1.93
0.752688172043011,1.932
0.762463343108504,1.934
0.767350928641251,1.936
0.762463343108504,1.938
0.757575757575758,1.94
0.762463343108504,1.942
0.762463343108504,1.944
0.762463343108504,1.946
0.762463343108504,1.948
0.767350928641251,1.95
0.772238514173998,1.952
0.772238514173998,1.954
0.777126099706745,1.956
0.777126099706745,1.958
0.796676441837732,1.96
0.801564027370479,1.962
0.81622678396872,1.964
0.801564027370479,1.966
0.806451612903226,1.968
0.811339198435973,1.97
0.81622678396872,1.972
0.821114369501466,1.974
0.826001955034213,1.976
0.83088954056696,1.978
0.835777126099707,1.98
0.8455522971652,1.982
0.860215053763441,1.984
0.874877810361681,1.986
0.884652981427175,1.988
0.894428152492669,1.99
0.884652981427175,1.992
0.894428152492669,1.994
0.899315738025415,1.996
0.909090909090909,1.998
0.918866080156403,2
0.92375366568915,2.002
0.933528836754643,2.004
0.943304007820137,2.006
0.962854349951124,2.008
0.977517106549365,2.01
0.987292277614858,2.012
1.0019550342131,2.014
1.01661779081134,2.016
1.01173020527859,2.018
1.02150537634409,2.02
1.03128054740958,2.022
1.04105571847507,2.024
1.05571847507331,2.026
1.06549364613881,2.028
1.08015640273705,2.03
1.08504398826979,2.032
1.11925708699902,2.034
1.12903225806452,2.036
1.1485826001955,2.038
1.158357771261,2.04
1.17790811339198,2.042
1.17790811339198,2.044
1.19257086999022,2.046
1.20234604105572,2.048
1.21700879765396,2.05
1.22678396871945,2.052
1.24633431085044,2.054
1.25610948191593,2.056
1.28543499511241,2.058
1.3049853372434,2.06
1.32453567937439,2.062
1.33919843597263,2.064
1.35874877810362,2.066
1.37341153470186,2.068
1.39296187683284,2.07
1.39296187683284,2.072
1.40762463343109,2.074
1.42228739002933,2.076
1.43695014662757,2.078
1.45161290322581,2.08
1.48582600195503,2.082
1.50537634408602,2.084
1.52492668621701,2.086
1.544477028348,2.088
1.55913978494624,2.09
1.57869012707722,2.092
1.59824046920821,2.094
1.6177908113392,2.096
1.62267839687195,2.098
1.63734115347019,2.1
1.65200391006843,2.102
1.67155425219941,2.104
1.70087976539589,2.106
1.72531769305963,2.108
1.74486803519062,2.11
1.76930596285435,2.112
1.78885630498534,2.114
1.80840664711632,2.116
1.82306940371456,2.118
1.84261974584555,2.12
1.86705767350929,2.122
1.87194525904203,2.124
1.89149560117302,2.126
1.90615835777126,2.128
1.92570869990225,2.13
1.95992179863148,2.132
1.98435972629521,2.134
2.00879765395894,2.136
2.02834799608993,2.138
2.04789833822092,2.14
2.07233626588465,2.142
2.09188660801564,2.144
2.11143695014663,2.146
2.13098729227761,2.148
2.14076246334311,2.15
2.1603128054741,2.152
2.17986314760508,2.154
2.20918866080156,2.156
2.2336265884653,2.158
2.25806451612903,2.16
2.27761485826002,2.162
2.29716520039101,2.164
2.32160312805474,2.166
2.34115347018573,2.168
2.36559139784946,2.17
2.38514173998045,2.172
2.40469208211144,2.174
2.42424242424242,2.176
2.42913000977517,2.178
2.4633431085044,2.18
2.48778103616813,2.182
2.50733137829912,2.184
2.53176930596285,2.186
2.55620723362659,2.188
2.57575757575758,2.19
2.59530791788856,2.192
2.6197458455523,2.194
2.63929618768328,2.196
2.65884652981427,2.198
2.68328445747801,2.2
2.70283479960899,2.202
2.70772238514174,2.204
2.73704789833822,2.206
2.76148582600196,2.208
2.78592375366569,2.21
2.80058651026393,2.212
2.82502443792766,2.214
2.8494623655914,2.216
2.86412512218964,2.218
2.88367546432063,2.22
2.90811339198436,2.222
2.92766373411535,2.224
2.94721407624633,2.226
2.97165200391007,2.228
2.98631476050831,2.23
3.01075268817204,2.232
3.03030303030303,2.234
3.04985337243402,2.236
3.069403714565,2.238
3.09384164222874,2.24
3.10850439882698,2.242
3.12805474095797,2.244
3.14760508308895,2.246
3.16226783968719,2.248
3.18181818181818,2.25
3.20625610948192,2.252
3.22091886608016,2.254
3.24046920821114,2.256
3.26001955034213,2.258
3.27956989247312,2.26
3.29912023460411,2.262
3.31867057673509,2.264
3.33822091886608,2.266
3.35288367546432,2.268
3.37243401759531,2.27
3.38709677419355,2.272
3.40664711632454,2.274
3.42130987292278,2.276
3.44574780058651,2.278
3.44574780058651,2.28
3.47507331378299,2.282
3.49462365591398,2.284
3.50928641251222,2.286
3.52883675464321,2.288
3.54349951124145,2.29
3.55816226783969,2.292
3.57282502443793,2.294
3.58748778103617,2.296
3.60703812316716,2.298
3.6217008797654,2.3
3.63636363636364,2.302
3.65102639296188,2.304
3.66568914956012,2.306
3.68035190615836,2.308
3.6950146627566,2.31
3.70967741935484,2.312
3.71945259042033,2.314
3.73411534701857,2.316
3.74877810361681,2.318
3.7683284457478,2.32
3.77810361681329,2.322
3.79276637341153,2.324
3.80742913000978,2.326
3.82209188660802,2.328
3.83186705767351,2.33
3.84652981427175,2.332
3.85630498533724,2.334
3.87096774193548,2.336
3.87585532746823,2.338
3.89051808406647,2.34
3.90518084066471,2.342
3.91495601173021,2.344
3.9247311827957,2.346
3.93939393939394,2.348
3.94428152492669,2.35
3.95894428152493,2.352
3.96871945259042,2.354
3.97360703812317,2.356
3.98338220918866,2.358
3.99315738025415,2.36
3.9980449657869,2.362
4.01270772238514,2.364
4.02248289345064,2.366
4.02737047898338,2.368
4.03714565004888,2.37
4.04692082111437,2.372
4.05180840664712,2.374
4.05669599217986,2.376
4.06647116324536,2.378
4.0713587487781,2.38
4.06158357771261,2.382
4.0811339198436,2.384
4.08602150537634,2.386
4.09579667644184,2.388
4.10068426197458,2.39
4.11045943304008,2.392
4.11534701857282,2.394
4.12023460410557,2.396
4.12023460410557,2.398
4.13000977517107,2.4
4.13000977517107,2.402
4.13000977517107,2.404
4.13489736070381,2.406
4.12023460410557,2.408
4.13489736070381,2.41
4.13978494623656,2.412
4.13978494623656,2.414
4.14956011730205,2.416
4.14956011730205,2.418
4.14956011730205,2.42
4.1544477028348,2.422
4.1544477028348,2.424
4.14956011730205,2.426
4.14956011730205,2.428
4.1544477028348,2.43
4.13978494623656,2.432
4.13978494623656,2.434
4.14956011730205,2.436
4.14956011730205,2.438
4.1544477028348,2.44
4.14467253176931,2.442
4.14467253176931,2.444
4.14467253176931,2.446
4.14467253176931,2.448
4.13978494623656,2.45
4.13489736070381,2.452
4.13000977517107,2.454
4.12023460410557,2.456
4.11534701857282,2.458
4.11045943304008,2.46
4.11534701857282,2.462
4.11045943304008,2.464
4.11045943304008,2.466
4.10068426197458,2.468
4.09579667644184,2.47
4.09090909090909,2.472
4.08602150537634,2.474
4.08602150537634,2.476
4.07624633431085,2.478
4.0713587487781,2.48
4.05180840664712,2.482
4.04203323558162,2.484
4.03225806451613,2.486
4.03714565004888,2.488
4.03225806451613,2.49
4.02248289345064,2.492
4.01270772238514,2.494
4.00293255131965,2.496
3.9980449657869,2.498
3.98826979472141,2.5
3.98338220918866,2.502
3.96871945259042,2.504
3.94428152492669,2.506
3.93939393939394,2.508
3.91984359726295,2.51
3.91006842619746,2.512
3.90518084066471,2.514
3.90518084066471,2.516
3.89540566959922,2.518
3.88074291300098,2.52
3.87585532746823,2.522
3.86119257086999,2.524
3.8514173998045,2.526
3.841642228739,2.528
3.81231671554252,2.53
3.79765395894428,2.532
3.78299120234604,2.534
3.7683284457478,2.536
3.74877810361681,2.538
3.73900293255132,2.54
3.73900293255132,2.542
3.72922776148583,2.544
3.71456500488759,2.546
3.69990224828934,2.548
3.69012707722385,2.55
3.67546432062561,2.552
3.65591397849462,2.554
3.63147605083089,2.556
3.60703812316716,2.558
3.59237536656891,2.56
3.57771260997067,2.562
3.56304985337243,2.564
3.54838709677419,2.566
3.54349951124145,2.568
3.52883675464321,2.57
3.51906158357771,2.572
3.49951124144673,2.574
3.48484848484848,2.576
3.47018572825024,2.578
3.43108504398827,2.58
3.41153470185728,2.582
3.3919843597263,2.584
3.37732160312805,2.586
3.35777126099707,2.588
3.33822091886608,2.59
3.32355816226784,2.592
3.3088954056696,2.594
3.29912023460411,2.596
3.28934506353861,2.598
3.26979472140762,2.6
3.25024437927664,2.602
3.21603128054741,2.604
3.19159335288368,2.606
3.17204301075269,2.608
3.15738025415445,2.61
3.13294232649071,2.612
3.11827956989247,2.614
3.09872922776149,2.616
3.07429130009775,2.618
3.05474095796676,2.62
3.05474095796676,2.622
3.03519061583578,2.624
3.01564027370479,2.626
2.98142717497556,2.628
2.96187683284457,2.63
2.93743890518084,2.632
2.91788856304985,2.634
2.89833822091887,2.636
2.87390029325513,2.638
2.85434995112414,2.64
2.83479960899316,2.642
2.81036168132942,2.644
2.79081133919844,2.646
2.78592375366569,2.648
2.7663734115347,2.65
2.75171065493646,2.652
2.71260997067449,2.654
2.68817204301075,2.656
2.66862170087977,2.658
2.64418377321603,2.66
2.62463343108504,2.662
2.60508308895406,2.664
2.58064516129032,2.666
2.56109481915934,2.668
2.5366568914956,2.67
2.51710654936461,2.672
2.51221896383187,2.674
2.49266862170088,2.676
2.45845552297165,2.678
2.43401759530792,2.68
2.40957966764418,2.682
2.39491691104594,2.684
2.37047898338221,2.686
2.34604105571848,2.688
2.32649071358749,2.69
2.3069403714565,2.692
2.28250244379277,2.694
2.26783968719453,2.696
2.24340175953079,2.698
2.2336265884653,2.7
2.20918866080156,2.702
2.17986314760508,2.704
2.1603128054741,2.706
2.14076246334311,2.708
2.11632453567937,2.71
2.09677419354839,2.712
2.0772238514174,2.714
2.05278592375367,2.716
2.03323558162268,2.718
2.01368523949169,2.72
1.98924731182796,2.722
1.97458455522972,2.724
1.96480938416422,2.726
1.930596285435,2.728
1.91104594330401,2.73
1.89149560117302,2.732
1.86705767350929,2.734
1.85239491691105,2.736
1.83284457478006,2.738
1.80840664711632,2.74
1.78885630498534,2.742
1.76930596285435,2.744
1.74975562072336,2.746
1.73020527859238,2.748
1.71065493646139,2.75
1.71065493646139,2.752
1.67155425219941,2.754
1.65689149560117,2.756
1.63734115347019,2.758
1.6177908113392,2.76
1.59824046920821,2.762
1.58357771260997,2.764
1.56402737047898,2.766
1.544477028348,2.768
1.52981427174976,2.77
1.51026392961877,2.772
1.49071358748778,2.774
1.47605083088954,2.776
1.45650048875855,2.778
1.43695014662757,2.78
1.42228739002933,2.782
1.40762463343109,2.784
1.3880742913001,2.786
1.37341153470186,2.788
1.35874877810362,2.79
1.33919843597263,2.792
1.32453567937439,2.794
1.30987292277615,2.796
1.29032258064516,2.798
1.27565982404692,2.8
1.26099706744868,2.802
1.25122189638319,2.804
1.2316715542522,2.806
1.21700879765396,2.808
1.20234604105572,2.81
1.18768328445748,2.812
1.17302052785924,2.814
1.158357771261,2.816
1.14369501466276,2.818
1.13391984359726,2.82
1.11925708699902,2.822
1.10459433040078,2.824
1.09481915933529,2.826
1.08015640273705,2.828
1.06549364613881,2.83
1.05571847507331,2.832
1.04594330400782,2.834
1.03128054740958,2.836
1.02150537634409,2.838
1.01173020527859,2.84
0.997067448680352,2.842
0.987292277614858,2.844
0.977517106549365,2.846
0.967741935483871,2.848
0.957966764418377,2.85
0.943304007820137,2.852
0.953079178885631,2.854
0.928641251221896,2.856
0.918866080156403,2.858
0.909090909090909,2.86
0.899315738025415,2.862
0.889540566959922,2.864
0.879765395894428,2.866
0.874877810361681,2.868
0.865102639296188,2.87
0.860215053763441,2.872
0.850439882697947,2.874
0.8455522971652,2.876
0.835777126099707,2.878
0.835777126099707,2.88
0.826001955034213,2.882
0.821114369501466,2.884
0.811339198435973,2.886
0.806451612903226,2.888
0.801564027370479,2.89
0.796676441837732,2.892
0.791788856304985,2.894
0.786901270772238,2.896
0.782013685239492,2.898
0.782013685239492,2.9
0.777126099706745,2.902
0.782013685239492,2.904
0.791788856304985,2.906
0.767350928641251,2.908
0.762463343108504,2.91
0.762463343108504,2.912
0.762463343108504,2.914
0.757575757575758,2.916
0.757575757575758,2.918
0.757575757575758,2.92
0.752688172043011,2.922
0.752688172043011,2.924
0.752688172043011,2.926
0.747800586510264,2.928
0.767350928641251,2.93
0.777126099706745,2.932
0.757575757575758,2.934
0.757575757575758,2.936
0.757575757575758,2.938
0.757575757575758,2.94
0.757575757575758,2.942
0.762463343108504,2.944
0.757575757575758,2.946
0.767350928641251,2.948
0.767350928641251,2.95
0.767350928641251,2.952
0.782013685239492,2.954
0.791788856304985,2.956
0.801564027370479,2.958
0.786901270772238,2.96
0.791788856304985,2.962
0.796676441837732,2.964
0.796676441837732,2.966
0.801564027370479,2.968
0.806451612903226,2.97
0.81622678396872,2.972
0.81622678396872,2.974
0.826001955034213,2.976
0.840664711632454,2.978
0.850439882697947,2.98
0.860215053763441,2.982
0.869990224828935,2.984
0.865102639296188,2.986
0.869990224828935,2.988
0.874877810361681,2.99
0.884652981427175,2.992
0.889540566959922,2.994
0.899315738025415,2.996
0.904203323558162,2.998
0.913978494623656,3
0.918866080156403,3.002
0.948191593352884,3.004
0.957966764418377,3.006
0.972629521016618,3.008
0.982404692082111,3.01
0.982404692082111,3.012
0.987292277614858,3.014
0.997067448680352,3.016
1.00684261974585,3.018
1.01661779081134,3.02
1.03128054740958,3.022
1.04105571847507,3.024
1.05083088954057,3.026
1.08015640273705,3.028
1.09481915933529,3.03
1.10948191593353,3.032
1.11925708699902,3.034
1.13391984359726,3.036
1.15347018572825,3.038
1.1485826001955,3.04
1.158357771261,3.042
1.17302052785924,3.044
1.18768328445748,3.046
1.20234604105572,3.048
1.21212121212121,3.05
1.24144672531769,3.052
1.26099706744868,3.054
1.27565982404692,3.056
1.29032258064516,3.058
1.30987292277615,3.06
1.32453567937439,3.062
1.34408602150538,3.064
1.34408602150538,3.066
1.35874877810362,3.068
1.37341153470186,3.07
1.3880742913001,3.072
1.40273704789834,3.074
1.42717497556207,3.076
1.45161290322581,3.078
1.47116324535679,3.08
1.48582600195503,3.082
1.50537634408602,3.084
1.52492668621701,3.086
1.544477028348,3.088
1.56402737047898,3.09
1.56402737047898,3.092
1.58357771260997,3.094
1.59824046920821,3.096
1.6177908113392,3.098
1.62756598240469,3.1
1.66666666666667,3.102
1.6911045943304,3.104
1.70576735092864,3.106
1.72531769305963,3.108
1.74975562072336,3.11
1.76930596285435,3.112
1.78396871945259,3.114
1.80840664711632,3.116
1.81329423264907,3.118
1.83284457478006,3.12
1.8475073313783,3.122
1.86705767350929,3.124
1.90127077223851,3.126
1.92570869990225,3.128
1.94525904203324,3.13
1.96480938416422,3.132
1.98924731182796,3.134
2.00879765395894,3.136
2.02834799608993,3.138
2.05278592375367,3.14
2.06744868035191,3.142
2.09188660801564,3.144
2.09677419354839,3.146
2.11143695014663,3.148
2.14565004887586,3.15
2.17008797653959,3.152
2.19452590420332,3.154
2.21407624633431,3.156
2.23851417399804,3.158
2.25806451612903,3.16
2.27761485826002,3.162
2.29716520039101,3.164
2.32160312805474,3.166
2.34115347018573,3.168
2.36559139784946,3.17
2.36559139784946,3.172
2.38514173998045,3.174
2.41935483870968,3.176
2.44379276637341,3.178
2.46823069403715,3.18
2.48778103616813,3.182
2.51221896383187,3.184
2.53176930596285,3.186
2.55131964809384,3.188
2.57575757575758,3.19
2.59530791788856,3.192
2.61485826001955,3.194
2.63929618768328,3.196
2.63929618768328,3.198
2.67839687194526,3.2
2.69794721407625,3.202
2.72238514173998,3.204
2.74193548387097,3.206
2.7663734115347,3.208
2.78592375366569,3.21
2.80547409579668,3.212
2.82502443792766,3.214
2.84457478005865,3.216
2.86412512218964,3.218
2.88856304985337,3.22
2.90811339198436,3.222
2.91300097751711,3.224
2.94721407624633,3.226
2.97165200391007,3.228
2.99120234604106,3.23
3.01075268817204,3.232
3.03030303030303,3.234
3.04985337243402,3.236
3.06451612903226,3.238
3.08895405669599,3.24
3.10850439882698,3.242
3.12805474095797,3.244
3.14760508308895,3.246
3.16715542521994,3.248
3.18670576735093,3.25
3.20625610948192,3.252
3.2258064516129,3.254
3.24535679374389,3.256
3.26001955034213,3.258
3.27956989247312,3.26
3.29912023460411,3.262
3.31867057673509,3.264
3.33333333333333,3.266
3.35288367546432,3.268
3.37243401759531,3.27
3.38709677419355,3.272
3.40664711632454,3.274
3.42619745845552,3.276
3.44086021505376,3.278
3.46041055718475,3.28
3.47507331378299,3.282
3.48973607038123,3.284
3.50439882697947,3.286
3.52394916911046,3.288
3.54349951124145,3.29
3.55816226783969,3.292
3.57282502443793,3.294
3.59237536656891,3.296
3.60215053763441,3.298
3.60703812316716,3.3
3.63636363636364,3.302
3.65102639296188,3.304
3.66568914956012,3.306
3.68035190615836,3.308
3.6950146627566,3.31
3.70967741935484,3.312
3.71945259042033,3.314
3.73900293255132,3.316
3.74877810361681,3.318
3.7683284457478,3.32
3.78299120234604,3.322
3.79765395894428,3.324
3.80742913000978,3.326
3.81720430107527,3.328
3.82697947214076,3.33
3.841642228739,3.332
3.8514173998045,3.334
3.87096774193548,3.336
3.87585532746823,3.338
3.89540566959922,3.34
3.90518084066471,3.342
3.91495601173021,3.344
3.92961876832845,3.346
3.93939393939394,3.348
3.94428152492669,3.35
3.95405669599218,3.352
3.96383186705767,3.354
3.97360703812317,3.356
3.98338220918866,3.358
3.99315738025415,3.36
4.00293255131965,3.362
4.01270772238514,3.364
4.01759530791789,3.366
4.03225806451613,3.368
4.03225806451613,3.37
4.04203323558162,3.372
4.04692082111437,3.374
4.04203323558162,3.376
4.06647116324536,3.378
4.0713587487781,3.38
4.0811339198436,3.382
4.08602150537634,3.384
4.09090909090909,3.386
4.09579667644184,3.388
4.10557184750733,3.39
4.11534701857282,3.392
4.11045943304008,3.394
4.11534701857282,3.396
4.12023460410557,3.398
4.12512218963832,3.4
4.11534701857282,3.402
4.13000977517107,3.404
4.13978494623656,3.406
4.13978494623656,3.408
4.14467253176931,3.41
4.14467253176931,3.412
4.14956011730205,3.414
4.14956011730205,3.416
4.14467253176931,3.418
4.14956011730205,3.42
4.14956011730205,3.422
4.1544477028348,3.424
4.13978494623656,3.426
4.13489736070381,3.428
4.14956011730205,3.43
4.1544477028348,3.432
4.15933528836755,3.434
4.1544477028348,3.436
4.1544477028348,3.438
4.1544477028348,3.44
4.14467253176931,3.442
4.14467253176931,3.444
4.13978494623656,3.446
4.14467253176931,3.448
4.13489736070381,3.45
4.12023460410557,3.452
4.12023460410557,3.454
4.12512218963832,3.456
4.12512218963832,3.458
4.12512218963832,3.46
4.12023460410557,3.462
4.11534701857282,3.464
4.11534701857282,3.466
4.10557184750733,3.468
4.10068426197458,3.47
4.09579667644184,3.472
4.08602150537634,3.474
4.0713587487781,3.476
4.05669599217986,3.478
4.05669599217986,3.48
4.04692082111437,3.482
4.05180840664712,3.484
4.04692082111437,3.486
4.04203323558162,3.488
4.03225806451613,3.49
4.01759530791789,3.492
4.01270772238514,3.494
4.00782013685239,3.496
3.9980449657869,3.498
3.97849462365591,3.5
3.96871945259042,3.502
3.95894428152493,3.504
3.93939393939394,3.506
3.93450635386119,3.508
3.93939393939394,3.51
3.92961876832845,3.512
3.91495601173021,3.514
3.91006842619746,3.516
3.90029325513196,3.518
3.88563049853372,3.52
3.87585532746823,3.522
3.86608015640274,3.524
3.83675464320626,3.526
3.82697947214076,3.528
3.81231671554252,3.53
3.79276637341153,3.532
3.77810361681329,3.534
3.77810361681329,3.536
3.7683284457478,3.538
3.75855327468231,3.54
3.74877810361681,3.542
3.73411534701857,3.544
3.71945259042033,3.546
3.70478983382209,3.548
3.67546432062561,3.55
3.65591397849462,3.552
3.63636363636364,3.554
3.62658846529814,3.556
3.60703812316716,3.558
3.59726295210166,3.56
3.58748778103617,3.562
3.57771260997067,3.564
3.56793743890518,3.566
3.54838709677419,3.568
3.53372434017595,3.57
3.51906158357771,3.572
3.48484848484848,3.574
3.4652981427175,3.576
3.44574780058651,3.578
3.43108504398827,3.58
3.41153470185728,3.582
3.3919843597263,3.584
3.37732160312805,3.586
3.36265884652981,3.588
3.35288367546432,3.59
3.34310850439883,3.592
3.32355816226784,3.594
3.30400782013685,3.596
3.27468230694037,3.598
3.25024437927664,3.6
3.2355816226784,3.602
3.21114369501466,3.604
3.19159335288368,3.606
3.17693059628543,3.608
3.15738025415445,3.61
3.13294232649071,3.612
3.11827956989247,3.614
3.11339198435973,3.616
3.09384164222874,3.618
3.07429130009775,3.62
3.05474095796676,3.622
3.02052785923754,3.624
2.9960899315738,3.626
2.97653958944282,3.628
2.96187683284457,3.63
2.93743890518084,3.632
2.91300097751711,3.634
2.89833822091887,3.636
2.87390029325513,3.638
2.85434995112414,3.64
2.84457478005865,3.642
2.82991202346041,3.644
2.81524926686217,3.646
2.7761485826002,3.648
2.75659824046921,3.65
2.73216031280547,3.652
2.70772238514174,3.654
2.68817204301075,3.656
2.66862170087977,3.658
2.64418377321603,3.66
2.62463343108504,3.662
2.60019550342131,3.664
2.58064516129032,3.666
2.57575757575758,3.668
2.56109481915934,3.67
2.52688172043011,3.672
2.50244379276637,3.674
2.47800586510264,3.676
2.45356793743891,3.678
2.43401759530792,3.68
2.41446725317693,3.682
2.3900293255132,3.684
2.36559139784946,3.686
2.35092864125122,3.688
2.32649071358749,3.69
2.3069403714565,3.692
2.30205278592375,3.694
2.28250244379277,3.696
2.24828934506354,3.698
2.2238514173998,3.7
2.20430107526882,3.702
2.17986314760508,3.704
2.1603128054741,3.706
2.13587487781036,3.708
2.11632453567937,3.71
2.09677419354839,3.712
2.0772238514174,3.714
2.05278592375367,3.716
2.03323558162268,3.718
2.02346041055718,3.72
1.9941348973607,3.722
1.97458455522972,3.724
1.95014662756598,3.726
1.930596285435,3.728
1.91104594330401,3.73
1.88660801564027,3.732
1.87194525904203,3.734
1.8475073313783,3.736
1.83284457478006,3.738
1.80840664711632,3.74
1.78885630498534,3.742
1.76930596285435,3.744
1.7644183773216,3.746
1.73509286412512,3.748
1.71065493646139,3.75
1.69599217986315,3.752
1.67155425219941,3.754
1.65689149560117,3.756
1.63734115347019,3.758
1.6177908113392,3.76
1.59824046920821,3.762
1.57869012707722,3.764
1.56402737047898,3.766
1.544477028348,3.768
1.52492668621701,3.77
1.51026392961877,3.772
1.49071358748778,3.774
1.47605083088954,3.776
1.45650048875855,3.778
1.44183773216031,3.78
1.42228739002933,3.782
1.40762463343109,3.784
1.3880742913001,3.786
1.37341153470186,3.788
1.35874877810362,3.79
1.33919843597263,3.792
1.32453567937439,3.794
1.30987292277615,3.796
1.29032258064516,3.798
1.27565982404692,3.8
1.26099706744868,3.802
1.25122189638319,3.804
1.2316715542522,3.806
1.21700879765396,3.808
1.20234604105572,3.81
1.18768328445748,3.812
1.17302052785924,3.814
1.16324535679374,3.816
1.14369501466276,3.818
1.13391984359726,3.82
1.11925708699902,3.822
1.10459433040078,3.824
1.09481915933529,3.826
1.08015640273705,3.828
1.06549364613881,3.83
1.05571847507331,3.832
1.04105571847507,3.834
1.03128054740958,3.836
1.02150537634409,3.838
1.00684261974585,3.84
0.997067448680352,3.842
0.987292277614858,3.844
0.977517106549365,3.846
0.962854349951124,3.848
0.957966764418377,3.85
0.948191593352884,3.852
0.933528836754643,3.854
0.92375366568915,3.856
0.913978494623656,3.858
0.909090909090909,3.86
0.899315738025415,3.862
0.889540566959922,3.864
0.884652981427175,3.866
0.874877810361681,3.868
0.865102639296188,3.87
0.860215053763441,3.872
0.869990224828935,3.874
0.8455522971652,3.876
0.840664711632454,3.878
0.83088954056696,3.88
0.826001955034213,3.882
0.821114369501466,3.884
0.811339198435973,3.886
0.806451612903226,3.888
0.801564027370479,3.89
0.796676441837732,3.892
0.791788856304985,3.894
0.786901270772238,3.896
0.777126099706745,3.898
0.796676441837732,3.9
0.777126099706745,3.902
0.772238514173998,3.904
0.772238514173998,3.906
0.767350928641251,3.908
0.762463343108504,3.91
0.762463343108504,3.912
0.762463343108504,3.914
0.757575757575758,3.916
0.757575757575758,3.918
0.752688172043011,3.92
0.752688172043011,3.922
0.762463343108504,3.924
0.772238514173998,3.926
0.757575757575758,3.928
0.757575757575758,3.93
0.752688172043011,3.932
0.757575757575758,3.934
0.757575757575758,3.936
0.757575757575758,3.938
0.757575757575758,3.94
0.757575757575758,3.942
0.762463343108504,3.944
0.762463343108504,3.946
0.772238514173998,3.948
0.782013685239492,3.95
0.786901270772238,3.952
0.777126099706745,3.954
0.782013685239492,3.956
0.782013685239492,3.958
0.786901270772238,3.96
0.791788856304985,3.962
0.791788856304985,3.964
0.796676441837732,3.966
0.801564027370479,3.968
0.806451612903226,3.97
0.806451612903226,3.972
0.83088954056696,3.974
0.840664711632454,3.976
0.8455522971652,3.978
0.840664711632454,3.98
0.8455522971652,3.982
0.855327468230694,3.984
0.860215053763441,3.986
0.865102639296188,3.988
0.874877810361681,3.99
0.879765395894428,3.992
0.889540566959922,3.994
0.899315738025415,3.996
0.918866080156403,3.998
0.928641251221896,4
0.93841642228739,4.002
0.953079178885631,4.004
0.953079178885631,4.006
0.957966764418377,4.008
0.967741935483871,4.01
0.977517106549365,4.012
0.987292277614858,4.014
0.997067448680352,4.016
1.00684261974585,4.018
1.01661779081134,4.02
1.03616813294233,4.022
1.05571847507331,4.024
1.07038123167155,4.026
1.08504398826979,4.028
1.09481915933529,4.03
1.11436950146628,4.032
1.10948191593353,4.034
1.11925708699902,4.036
1.12903225806452,4.038
1.14369501466276,4.04
1.158357771261,4.042
1.16813294232649,4.044
1.18279569892473,4.046
1.21212121212121,4.048
1.2316715542522,4.05
1.25122189638319,4.052
1.26099706744868,4.054
1.28054740957967,4.056
1.29521016617791,4.058
1.29521016617791,4.06
1.30987292277615,4.062
1.32453567937439,4.064
1.33919843597263,4.066
1.35386119257087,4.068
1.36852394916911,4.07
1.39784946236559,4.072
1.42228739002933,4.074
1.43695014662757,4.076
1.45650048875855,4.078
1.47116324535679,4.08
1.49071358748778,4.082
1.51026392961877,4.084
1.51026392961877,4.086
1.52492668621701,4.088
1.544477028348,4.09
1.55913978494624,4.092
1.57869012707722,4.094
1.6080156402737,4.096
1.63245356793744,4.098
1.65200391006843,4.1
1.67155425219941,4.102
1.6911045943304,4.104
1.70576735092864,4.106
1.73020527859238,4.108
1.74486803519062,4.11
1.75464320625611,4.112
1.76930596285435,4.114
1.78885630498534,4.116
1.80840664711632,4.118
1.83773216031281,4.12
1.86217008797654,4.122
1.88172043010753,4.124
1.90615835777126,4.126
1.92570869990225,4.128
1.94525904203324,4.13
1.96969696969697,4.132
1.98435972629521,4.134
2.00879765395894,4.136
2.03323558162268,4.138
2.03323558162268,4.14
2.05278592375367,4.142
2.06744868035191,4.144
2.10654936461388,4.146
2.12609970674487,4.148
2.1505376344086,4.15
2.17497556207234,4.152
2.19452590420332,4.154
2.21407624633431,4.156
2.23851417399804,4.158
2.25806451612903,4.16
2.27761485826002,4.162
2.30205278592375,4.164
2.3069403714565,4.166
2.32160312805474,4.168
2.35581622678397,4.17
2.38514173998045,4.172
2.39980449657869,4.174
2.42424242424242,4.176
2.44379276637341,4.178
2.46823069403715,4.18
2.48778103616813,4.182
2.51221896383187,4.184
2.5366568914956,4.186
2.55620723362659,4.188
2.57575757575758,4.19
2.58553274682307,4.192
2.60019550342131,4.194
2.63929618768328,4.196
2.65884652981427,4.198
2.67839687194526,4.2
2.69794721407625,4.202
2.72238514173998,4.204
2.74193548387097,4.206
2.7663734115347,4.208
2.78592375366569,4.21
2.80547409579668,4.212
2.82991202346041,4.214
2.84457478005865,4.216
2.8494623655914,4.218
2.88856304985337,4.22
2.90322580645161,4.222
2.92766373411535,4.224
2.94721407624633,4.226
2.96676441837732,4.228
2.98631476050831,4.23
3.01075268817204,4.232
3.03030303030303,4.234
3.04985337243402,4.236
3.069403714565,4.238
3.08895405669599,4.24
3.10850439882698,4.242
3.11339198435973,4.244
3.14271749755621,4.246
3.16226783968719,4.248
3.18670576735093,4.25
3.20136852394917,4.252
3.2258064516129,4.254
3.24535679374389,4.256
3.26001955034213,4.258
3.27956989247312,4.26
3.29912023460411,4.262
3.31867057673509,4.264
3.33333333333333,4.266
3.34799608993157,4.268
3.36754643206256,4.27
3.3919843597263,4.272
3.40664711632454,4.274
3.42619745845552,4.276
3.44086021505376,4.278
3.455522971652,4.28
3.47507331378299,4.282
3.49462365591398,4.284
3.50928641251222,4.286
3.52394916911046,4.288
3.5386119257087,4.29
3.55816226783969,4.292
3.57771260997067,4.294
3.58748778103617,4.296
3.60703812316716,4.298
3.6217008797654,4.3
3.63636363636364,4.302
3.65102639296188,4.304
3.66568914956012,4.306
3.6852394916911,4.308
3.6950146627566,4.31
3.71456500488759,4.312
3.72434017595308,4.314
3.73900293255132,4.316
3.74877810361681,4.318
3.75366568914956,4.32
3.78299120234604,4.322
3.79276637341153,4.324
3.80254154447703,4.326
3.82209188660802,4.328
3.83186705767351,4.33
3.84652981427175,4.332
3.85630498533724,4.334
3.86608015640274,4.336
3.87585532746823,4.338
3.89540566959922,4.34
3.90518084066471,4.342
3.91495601173021,4.344
3.9247311827957,4.346
3.93939393939394,4.348
3.94916911045943,4.35
3.95405669599218,4.352
3.96871945259042,4.354
3.97360703812317,4.356
3.98338220918866,4.358
3.99315738025415,4.36
3.9980449657869,4.362
4.01270772238514,4.364
4.01759530791789,4.366
4.02737047898338,4.368
4.03714565004888,4.37
4.04692082111437,4.372
4.05180840664712,4.374
4.05669599217986,4.376
4.06647116324536,4.378
4.0713587487781,4.38
4.07624633431085,4.382
4.0811339198436,4.384
4.09090909090909,4.386
4.10068426197458,4.388
4.10557184750733,4.39
4.11045943304008,4.392
4.11045943304008,4.394
4.10557184750733,4.396
4.12023460410557,4.398
4.12023460410557,4.4
4.13000977517107,4.402
4.13000977517107,4.404
4.13489736070381,4.406
4.13978494623656,4.408
4.13978494623656,4.41
4.13978494623656,4.412
4.14956011730205,4.414
4.14956011730205,4.416
4.14956011730205,4.418
4.1544477028348,4.42
4.13978494623656,4.422
4.14956011730205,4.424
4.14956011730205,4.426
4.14956011730205,4.428
4.1544477028348,4.43
4.14956011730205,4.432
4.1544477028348,4.434
4.1544477028348,4.436
4.1544477028348,4.438
4.1544477028348,4.44
4.14956011730205,4.442
4.14467253176931,4.444
4.13000977517107,4.446
4.12512218963832,4.448
4.12512218963832,4.45
4.13000977517107,4.452
4.13000977517107,4.454
4.13000977517107,4.456
4.13000977517107,4.458
4.12023460410557,4.46
4.12023460410557,4.462
4.11045943304008,4.464
4.11045943304008,4.466
4.10068426197458,4.468
4.08602150537634,4.47
4.07624633431085,4.472
4.0713587487781,4.474
4.06158357771261,4.476
4.07624633431085,4.478
4.0713587487781,4.48
4.06158357771261,4.482
4.05180840664712,4.484
4.05180840664712,4.486
4.04203323558162,4.488
4.03225806451613,4.49
4.02248289345064,4.492
4.01759530791789,4.494
3.98826979472141,4.496
3.98338220918866,4.498
3.97849462365591,4.5
3.96383186705767,4.502
3.96871945259042,4.504
3.95894428152493,4.506
3.95405669599218,4.508
3.93939393939394,4.51
3.92961876832845,4.512
3.91984359726295,4.514
3.90518084066471,4.516
3.90029325513196,4.518
3.87096774193548,4.52
3.86119257086999,4.522
3.84652981427175,4.524
3.83186705767351,4.526
3.82209188660802,4.528
3.82209188660802,4.53
3.81231671554252,4.532
3.79765395894428,4.534
3.78299120234604,4.536
3.77321603128055,4.538
3.76344086021505,4.54
3.74389051808407,4.542
3.71945259042033,4.544
3.70478983382209,4.546
3.6852394916911,4.548
3.67057673509286,4.55
3.65591397849462,4.552
3.64125122189638,4.554
3.6217008797654,4.556
3.6217008797654,4.558
3.6119257086999,4.56
3.59726295210166,4.562
3.58260019550342,4.564
3.56793743890518,4.566
3.5386119257087,4.568
3.51906158357771,4.57
3.49951124144673,4.572
3.48973607038123,4.574
3.46041055718475,4.576
3.44574780058651,4.578
3.43108504398827,4.58
3.41153470185728,4.582
3.40664711632454,4.584
3.3919843597263,4.586
3.3822091886608,4.588
3.36265884652981,4.59
3.34310850439883,4.592
3.3088954056696,4.594
3.29423264907136,4.596
3.26979472140762,4.598
3.25024437927664,4.6
3.23069403714565,4.602
3.20625610948192,4.604
3.19159335288368,4.606
3.17204301075269,4.608
3.16715542521994,4.61
3.15738025415445,4.612
3.13294232649071,4.614
3.11827956989247,4.616
3.08406647116325,4.618
3.05962854349951,4.62
3.03519061583578,4.622
3.02052785923754,4.624
2.9960899315738,4.626
2.97653958944282,4.628
2.95698924731183,4.63
2.93743890518084,4.632
2.91788856304985,4.634
2.91300097751711,4.636
2.89345063538612,4.638
2.87390029325513,4.64
2.8396871945259,4.642
2.82013685239492,4.644
2.79081133919844,4.646
2.77126099706745,4.648
2.75171065493646,4.65
2.72727272727273,4.652
2.70772238514174,4.654
2.68817204301075,4.656
2.66862170087977,4.658
2.64418377321603,4.66
2.63929618768328,4.662
2.6197458455523,4.664
2.60019550342131,4.666
2.56598240469208,4.668
2.54154447702835,4.67
2.51710654936461,4.672
2.49755620723363,4.674
2.47800586510264,4.676
2.45356793743891,4.678
2.42913000977517,4.68
2.41446725317693,4.682
2.3900293255132,4.684
2.37047898338221,4.686
2.34604105571848,4.688
2.34115347018573,4.69
2.31182795698925,4.692
2.28739002932551,4.694
2.26295210166178,4.696
2.24340175953079,4.698
2.2238514173998,4.7
2.19941348973607,4.702
2.17986314760508,4.704
2.1603128054741,4.706
2.14076246334311,4.708
2.12121212121212,4.71
2.09677419354839,4.712
2.0772238514174,4.714
2.07233626588465,4.716
2.03323558162268,4.718
2.01368523949169,4.72
1.98924731182796,4.722
1.97458455522972,4.724
1.95503421309873,4.726
1.930596285435,4.728
1.91104594330401,4.73
1.89149560117302,4.732
1.86705767350929,4.734
1.8475073313783,4.736
1.82795698924731,4.738
1.80840664711632,4.74
1.79374389051808,4.742
1.76930596285435,4.744
1.74975562072336,4.746
1.73509286412512,4.748
1.71065493646139,4.75
1.69599217986315,4.752
1.67644183773216,4.754
1.65689149560117,4.756
1.63734115347019,4.758
1.6177908113392,4.76
1.59824046920821,4.762
1.57869012707722,4.764
1.56402737047898,4.766
1.544477028348,4.768
1.52492668621701,4.77
1.51026392961877,4.772
1.49071358748778,4.774
1.47605083088954,4.776
1.45650048875855,4.778
1.44183773216031,4.78
1.42228739002933,4.782
1.40762463343109,4.784
1.3880742913001,4.786
1.37341153470186,4.788
1.35386119257087,4.79
1.33919843597263,4.792
1.32453567937439,4.794
1.3049853372434,4.796
1.29521016617791,4.798
1.27565982404692,4.8
1.26588465298143,4.802
1.24633431085044,4.804
1.2316715542522,4.806
1.21700879765396,4.808
1.20234604105572,4.81
1.18768328445748,4.812
1.17302052785924,4.814
1.158357771261,4.816
1.14369501466276,4.818
1.13391984359726,4.82
1.11925708699902,4.822
1.10459433040078,4.824
1.09481915933529,4.826
1.08015640273705,4.828
1.06549364613881,4.83
1.05571847507331,4.832
1.04105571847507,4.834
1.03128054740958,4.836
1.02150537634409,4.838
1.00684261974585,4.84
0.992179863147605,4.842
0.987292277614858,4.844
0.977517106549365,4.846
0.967741935483871,4.848
0.957966764418377,4.85
0.943304007820137,4.852
0.933528836754643,4.854
0.928641251221896,4.856
0.913978494623656,4.858
0.909090909090909,4.86
0.899315738025415,4.862
0.889540566959922,4.864
0.879765395894428,4.866
0.889540566959922,4.868
0.865102639296188,4.87
0.860215053763441,4.872
0.850439882697947,4.874
0.8455522971652,4.876
0.840664711632454,4.878
0.83088954056696,4.88
0.826001955034213,4.882
0.821114369501466,4.884
0.811339198435973,4.886
0.806451612903226,4.888
0.801564027370479,4.89
0.791788856304985,4.892
0.806451612903226,4.894
0.791788856304985,4.896
0.786901270772238,4.898
0.782013685239492,4.9
0.777126099706745,4.902
0.772238514173998,4.904
0.772238514173998,4.906
0.767350928641251,4.908
0.762463343108504,4.91
0.762463343108504,4.912
0.757575757575758,4.914
0.757575757575758,4.916
0.767350928641251,4.918
0.772238514173998,4.92
0.757575757575758,4.922
0.752688172043011,4.924
0.752688172043011,4.926
0.752688172043011,4.928
0.752688172043011,4.93
0.752688172043011,4.932
0.752688172043011,4.934
0.752688172043011,4.936
0.752688172043011,4.938
0.757575757575758,4.94
0.752688172043011,4.942
0.772238514173998,4.944
0.777126099706745,4.946
0.767350928641251,4.948
0.767350928641251,4.95
0.772238514173998,4.952
0.772238514173998,4.954
0.777126099706745,4.956
0.782013685239492,4.958
0.782013685239492,4.96
0.791788856304985,4.962
0.791788856304985,4.964
0.796676441837732,4.966
0.811339198435973,4.968
0.821114369501466,4.97
0.83088954056696,4.972
0.826001955034213,4.974
0.83088954056696,4.976
0.835777126099707,4.978
0.840664711632454,4.98
0.8455522971652,4.982
0.850439882697947,4.984
0.860215053763441,4.986
0.865102639296188,4.988
0.874877810361681,4.99
0.889540566959922,4.992
0.904203323558162,4.994
0.913978494623656,4.996
0.92375366568915,4.998
0.93841642228739,5
0.928641251221896,5.002
0.93841642228739,5.004
0.943304007820137,5.006
0.953079178885631,5.008
0.962854349951124,5.01
0.972629521016618,5.012
0.982404692082111,5.014
0.992179863147605,5.016
1.01661779081134,5.018
1.03616813294233,5.02
1.04594330400782,5.022
1.06060606060606,5.024
1.0752688172043,5.026
1.07038123167155,5.028
1.08015640273705,5.03
1.09481915933529,5.032
1.10459433040078,5.034
1.11925708699902,5.036
1.12903225806452,5.038
1.14369501466276,5.04
1.16813294232649,5.042
1.18768328445748,5.044
1.20234604105572,5.046
1.21700879765396,5.048
1.2316715542522,5.05
1.25122189638319,5.052
1.25122189638319,5.054
1.26099706744868,5.056
1.27565982404692,5.058
1.29032258064516,5.06
1.3049853372434,5.062
1.31964809384164,5.064
1.35386119257087,5.066
1.36852394916911,5.068
1.3880742913001,5.07
1.40762463343109,5.072
1.42228739002933,5.074
1.43695014662757,5.076
1.45650048875855,5.078
1.4613880742913,5.08
1.47605083088954,5.082
1.49071358748778,5.084
1.50537634408602,5.086
1.52492668621701,5.088
1.55425219941349,5.09
1.57380254154448,5.092
1.59335288367546,5.094
1.61290322580645,5.096
1.63245356793744,5.098
1.65200391006843,5.1
1.67155425219941,5.102
1.6911045943304,5.104
1.71065493646139,5.106
1.71554252199413,5.108
1.73020527859238,5.11
1.74975562072336,5.112
1.7644183773216,5.114
1.80351906158358,5.116
1.82306940371456,5.118
1.8475073313783,5.12
1.86217008797654,5.122
1.88660801564027,5.124
1.90615835777126,5.126
1.92570869990225,5.128
1.95014662756598,5.13
1.96969696969697,5.132
1.96969696969697,5.134
1.98924731182796,5.136
2.00879765395894,5.138
2.04301075268817,5.14
