0,0.004
1.09970674486804,0.008
1.05571847507331,0.012
NaN,0.016
0.0977517106549365,0.02
0.156402737047898,0.024
0.547409579667644,0.028
0.684261974584555,0.032
0.474095796676442,0.036
0.503421309872923,0.04
0.869990224828935,0.044
1.01661779081134,0.048
1.12903225806452,0.052
0.801564027370479,0.056
0.821114369501466,0.06
1.30009775171065,0.064
1.01661779081134,0.068
1.68132942326491,0.072
1.87194525904203,0.076
2.04301075268817,0.08
2.17986314760508,0.084
2.28739002932551,0.088
2.37536656891496,0.092
2.44379276637341,0.096
2.02346041055718,0.1
2.01857282502444,0.104
2.01857282502444,0.108
2.02346041055718,0.112
2.01857282502444,0.116
2.53176930596285,0.12
2.57575757575758,0.124
2.60508308895406,0.128
2.63440860215054,0.132
2.66373411534702,0.136
2.68328445747801,0.14
2.71260997067449,0.144
2.73216031280547,0.148
2.30205278592375,0.152
2.26295210166178,0.156
2.25317693059629,0.16
2.23851417399804,0.164
2.71749755620723,0.168
2.76148582600196,0.172
2.79569892473118,0.176
2.81524926686217,0.18
2.8396871945259,0.184
2.86412512218964,0.188
2.88367546432063,0.192
2.90322580645161,0.196
2.9227761485826,0.2
2.93255131964809,0.204
2.45845552297165,0.208
2.43890518084066,0.212
2.87878787878788,0.216
2.93255131964809,0.22
2.95698924731183,0.224
2.98142717497556,0.228
3.00097751710655,0.232
3.01564027370479,0.236
3.03519061583578,0.24
3.04985337243402,0.244
3.069403714565,0.248
3.08406647116325,0.252
3.08895405669599,0.256
2.6197458455523,0.26
2.59530791788856,0.264
3.069403714565,0.268
3.09872922776149,0.272
3.11827956989247,0.276
3.13294232649071,0.28
3.14271749755621,0.284
3.15738025415445,0.288
3.16715542521994,0.292
3.18181818181818,0.296
3.19159335288368,0.3
3.20625610948192,0.304
3.20625610948192,0.308
2.74682306940371,0.312
3.17693059628543,0.316
3.20625610948192,0.32
3.2258064516129,0.324
3.2355816226784,0.328
3.24535679374389,0.332
3.26001955034213,0.336
3.26979472140762,0.34
3.27956989247312,0.344
3.28445747800587,0.348
3.29423264907136,0.352
3.30400782013685,0.356
3.30400782013685,0.36
2.85434995112414,0.364
3.29423264907136,0.368
3.31378299120235,0.372
3.32355816226784,0.376
3.33333333333333,0.38
3.33822091886608,0.384
3.34310850439883,0.388
3.34799608993157,0.392
3.35288367546432,0.396
3.36265884652981,0.4
3.36754643206256,0.404
3.37243401759531,0.408
3.36754643206256,0.412
3.36265884652981,0.416
3.37732160312805,0.42
3.3822091886608,0.424
3.38709677419355,0.428
3.3919843597263,0.432
3.3919843597263,0.436
3.39687194525904,0.44
3.40175953079179,0.444
3.40664711632454,0.448
3.41642228739003,0.452
3.41642228739003,0.456
3.42130987292278,0.46
3.41642228739003,0.464
3.41642228739003,0.468
3.42130987292278,0.472
3.42130987292278,0.476
3.42619745845552,0.48
3.43108504398827,0.484
3.43108504398827,0.488
3.43108504398827,0.492
3.43108504398827,0.496
3.43108504398827,0.5
3.43597262952102,0.504
3.43108504398827,0.508
3.43597262952102,0.512
3.43597262952102,0.516
3.43108504398827,0.52
3.43108504398827,0.524
3.43108504398827,0.528
3.43108504398827,0.532
3.43108504398827,0.536
3.43108504398827,0.54
3.43597262952102,0.544
3.43597262952102,0.548
3.43597262952102,0.552
3.43597262952102,0.556
3.43597262952102,0.56
3.43108504398827,0.564
3.41642228739003,0.568
3.42619745845552,0.572
3.42130987292278,0.576
3.42130987292278,0.58
3.41642228739003,0.584
3.41642228739003,0.588
3.41642228739003,0.592
3.41153470185728,0.596
3.41153470185728,0.6
3.40664711632454,0.604
3.40664711632454,0.608
3.40175953079179,0.612
3.3919843597263,0.616
3.37732160312805,0.62
3.3822091886608,0.624
3.3822091886608,0.628
3.3822091886608,0.632
3.37732160312805,0.636
3.37243401759531,0.64
3.37243401759531,0.644
3.36265884652981,0.648
3.36265884652981,0.652
3.35777126099707,0.656
3.34799608993157,0.66
3.34799608993157,0.664
2.91300097751711,0.668
3.29912023460411,0.672
3.31378299120235,0.676
3.3088954056696,0.68
3.3088954056696,0.684
3.30400782013685,0.688
3.29912023460411,0.692
3.29423264907136,0.696
3.28934506353861,0.7
3.28445747800587,0.704
3.27956989247312,0.708
3.26979472140762,0.712
3.26490713587488,0.716
2.78592375366569,0.72
3.19648093841642,0.724
3.21114369501466,0.728
3.21114369501466,0.732
3.20625610948192,0.736
3.20136852394917,0.74
3.19648093841642,0.744
3.18670576735093,0.748
3.18670576735093,0.752
3.17693059628543,0.756
3.17204301075269,0.76
3.16715542521994,0.764
2.71749755620723,0.768
2.65395894428152,0.772
3.069403714565,0.776
3.08406647116325,0.78
3.08406647116325,0.784
3.08406647116325,0.788
3.07429130009775,0.792
3.07429130009775,0.796
3.06451612903226,0.8
3.05962854349951,0.804
3.04985337243402,0.808
3.04496578690127,0.812
3.03030303030303,0.816
2.5366568914956,0.82
2.48778103616813,0.824
2.44868035190616,0.828
2.9227761485826,0.832
2.92766373411535,0.836
2.92766373411535,0.84
2.91788856304985,0.844
2.91300097751711,0.848
2.90811339198436,0.852
2.89833822091887,0.856
2.89345063538612,0.86
2.88367546432063,0.864
2.39980449657869,0.868
2.34115347018573,0.872
2.30205278592375,0.876
2.26295210166178,0.88
2.73704789833822,0.884
2.74682306940371,0.888
2.74193548387097,0.892
2.73704789833822,0.896
2.73216031280547,0.9
2.72238514173998,0.904
2.71749755620723,0.908
2.71260997067449,0.912
2.24828934506354,0.916
2.18475073313783,0.92
2.13098729227761,0.924
2.10166177908113,0.928
2.06256109481916,0.932
2.52199413489736,0.936
2.5366568914956,0.94
2.54154447702835,0.944
2.53176930596285,0.948
2.53176930596285,0.952
2.52199413489736,0.956
2.51221896383187,0.96
2.51221896383187,0.964
1.99902248289345,0.968
1.95014662756598,0.972
1.91104594330401,0.976
1.88172043010753,0.98
1.8475073313783,0.984
2.28250244379277,0.988
2.3069403714565,0.992
2.30205278592375,0.996
2.30205278592375,1
2.29716520039101,1.004
2.28739002932551,1.008
2.28250244379277,1.012
1.78885630498534,1.016
1.73509286412512,1.02
1.6911045943304,1.024
1.65200391006843,1.028
1.6177908113392,1.032
1.57869012707722,1.036
1.51026392961877,1.04
1.99902248289345,1.044
1.9941348973607,1.048
1.98435972629521,1.052
1.96480938416422,1.056
1.94525904203324,1.06
1.47605083088954,1.064
1.40273704789834,1.068
1.34408602150538,1.072
1.29032258064516,1.076
1.24144672531769,1.08
1.19257086999022,1.084
1.1485826001955,1.088
1.09481915933529,1.092
1.50537634408602,1.096
1.49560117302053,1.1
1.48093841642229,1.104
1.4613880742913,1.108
1.47605083088954,1.112
0.992179863147605,1.116
0.933528836754643,1.12
0.899315738025415,1.124
0.855327468230694,1.128
0.821114369501466,1.132
0.791788856304985,1.136
0.757575757575758,1.14
0.728250244379277,1.144
1.0752688172043,1.148
1.08015640273705,1.152
1.0752688172043,1.156
1.08993157380254,1.16
0.689149560117302,1.164
0.645161290322581,1.168
0.6158357771261,1.172
0.591397849462366,1.176
0.566959921798632,1.18
0.547409579667644,1.184
0.52297165200391,1.188
0.503421309872923,1.192
0.483870967741935,1.196
0.493646138807429,1.2
0.474095796676442,1.204
0.801564027370479,1.208
0.493646138807429,1.212
0.449657869012708,1.216
0.400782013685239,1.22
0.410557184750733,1.224
0.312805474095797,1.228
0.376344086021505,1.232
0.689149560117302,1.236
0.386119257086999,1.24
0.332355816226784,1.244
0.342130987292278,1.248
0.303030303030303,1.252
0.312805474095797,1.256
0.586510263929619,1.26
0.601173020527859,1.264
0.303030303030303,1.268
0.259042033235582,1.272
0.263929618768328,1.276
0.239491691104594,1.28
0.239491691104594,1.284
0.498533724340176,1.288
0.562072336265885,1.292
0.229716520039101,1.296
0.20039100684262,1.3
0.205278592375367,1.304
0.180840664711632,1.308
0.185728250244379,1.312
0.43010752688172,1.316
0.166177908113392,1.32
0.175953079178886,1.324
0.146627565982405,1.328
0.151515151515152,1.332
0.131964809384164,1.336
0.131964809384164,1.34
0.0586510263929619,1.344
0.122189638318671,1.348
0.131964809384164,1.352
0.10752688172043,1.356
0.10752688172043,1.36
0.0928641251221896,1.364
0.0928641251221896,1.368
0.083088954056696,1.372
0.083088954056696,1.376
0.0928641251221896,1.38
0.0733137829912024,1.384
0.0733137829912024,1.388
0.0635386119257087,1.392
0.0635386119257087,1.396
0.0537634408602151,1.4
0.0537634408602151,1.404
0.0586510263929619,1.408
0.0439882697947214,1.412
0.0391006842619746,1.416
0.0342130987292278,1.42
0.0342130987292278,1.424
0.0293255131964809,1.428
0.0293255131964809,1.432
0,1.436
0.0342130987292278,1.44
0.0244379276637341,1.444
0.0195503421309873,1.448
0.0146627565982405,1.452
0.0146627565982405,1.456
0.00977517106549365,1.46
0.00977517106549365,1.464
0.00977517106549365,1.468
0.00488758553274682,1.472
0.00488758553274682,1.476
0.00488758553274682,1.48
0,1.484
0,1.488
0,1.492
0,1.496
0,1.5
0,1.504
0,1.508
0,1.512
0,1.516
0,1.52
0,1.524
0,1.528
0,1.532
0,1.536
0,1.54
0,1.544
0,1.548
0,1.552
0,1.556
0,1.56
0,1.564
0,1.568
0,1.572
0,1.576
0.00488758553274682,1.58
0.00488758553274682,1.584
0.00488758553274682,1.588
0.00488758553274682,1.592
0.00488758553274682,1.596
0.00977517106549365,1.6
0.00977517106549365,1.604
0.0146627565982405,1.608
0.0146627565982405,1.612
0.0195503421309873,1.616
0.0195503421309873,1.62
0.0244379276637341,1.624
0.0244379276637341,1.628
0.0293255131964809,1.632
0.0293255131964809,1.636
0,1.64
0.0537634408602151,1.644
0.0439882697947214,1.648
0.0488758553274682,1.652
0.0537634408602151,1.656
0.0537634408602151,1.66
0.0586510263929619,1.664
0.0586510263929619,1.668
0.0684261974584555,1.672
0.0879765395894428,1.676
0.0733137829912024,1.68
0.083088954056696,1.684
0.083088954056696,1.688
0.0928641251221896,1.692
0.0879765395894428,1.696
0.102639296187683,1.7
0.136852394916911,1.704
0.10752688172043,1.708
0.127077223851417,1.712
0.117302052785924,1.716
0.136852394916911,1.72
0.127077223851417,1.724
0.141739980449658,1.728
0.425219941348974,1.732
0.151515151515152,1.736
0.171065493646139,1.74
0.161290322580645,1.744
0.175953079178886,1.748
0.171065493646139,1.752
0.190615835777126,1.756
0.478983382209189,1.76
0.205278592375367,1.764
0.229716520039101,1.768
0.21505376344086,1.772
0.239491691104594,1.776
0.224828934506354,1.78
0.249266862170088,1.784
0.537634408602151,1.788
0.620723362658847,1.792
0.303030303030303,1.796
0.273704789833822,1.8
0.30791788856305,1.804
0.293255131964809,1.808
0.317693059628543,1.812
0.625610948191593,1.816
0.664711632453568,1.82
0.386119257086999,1.824
0.351906158357771,1.828
0.386119257086999,1.832
0.361681329423265,1.836
0.400782013685239,1.84
0.72336265884653,1.844
0.762463343108504,1.848
0.483870967741935,1.852
0.434995112414467,1.856
0.478983382209189,1.86
0.410557184750733,1.864
0.493646138807429,1.868
0.503421309872923,1.872
0.513196480938416,1.876
0.52297165200391,1.88
0.537634408602151,1.884
0.547409579667644,1.888
0.904203323558162,1.892
0.953079178885631,1.896
0.997067448680352,1.9
1.03616813294233,1.904
0.708699902248289,1.908
0.703812316715543,1.912
0.708699902248289,1.916
0.72336265884653,1.92
0.733137829912023,1.924
0.747800586510264,1.928
0.757575757575758,1.932
0.772238514173998,1.936
1.158357771261,1.94
1.22189638318671,1.944
1.27565982404692,1.948
1.31964809384164,1.952
1.36852394916911,1.956
1.01661779081134,1.96
1.01173020527859,1.964
1.02150537634409,1.968
1.03616813294233,1.972
1.05571847507331,1.976
1.07038123167155,1.98
1.08993157380254,1.984
1.0752688172043,1.988
1.59335288367546,1.992
1.65689149560117,1.996
1.71554252199413,2
1.7741935483871,2.004
1.82795698924731,2.008
1.89638318670577,2.012
1.45650048875855,2.016
1.47116324535679,2.02
1.49560117302053,2.024
1.52003910068426,2.028
1.544477028348,2.032
1.56402737047898,2.036
2.08211143695015,2.04
2.14565004887586,2.044
2.20430107526882,2.048
2.24828934506354,2.052
2.29227761485826,2.056
2.32649071358749,2.06
2.36559139784946,2.064
1.91104594330401,2.068
1.90127077223851,2.072
1.89638318670577,2.076
1.90127077223851,2.08
1.89638318670577,2.084
2.3802541544477,2.088
2.43401759530792,2.092
2.47311827956989,2.096
2.50244379276637,2.1
2.53176930596285,2.104
2.56109481915934,2.108
2.58553274682307,2.112
2.6099706744868,2.116
2.1603128054741,2.12
2.13587487781036,2.124
2.12609970674487,2.128
2.11632453567937,2.132
2.57575757575758,2.136
2.63440860215054,2.14
2.66862170087977,2.144
2.6930596285435,2.148
2.72238514173998,2.152
2.74193548387097,2.156
2.77126099706745,2.16
2.79081133919844,2.164
2.81036168132942,2.168
2.37047898338221,2.172
2.33626588465298,2.176
2.32160312805474,2.18
2.3069403714565,2.184
2.80547409579668,2.188
2.84457478005865,2.192
2.87390029325513,2.196
2.89833822091887,2.2
2.91300097751711,2.204
2.93255131964809,2.208
2.95698924731183,2.212
2.97165200391007,2.216
2.99120234604106,2.22
2.9960899315738,2.224
2.52199413489736,2.228
2.49755620723363,2.232
2.96187683284457,2.236
3.00097751710655,2.24
3.02541544477028,2.244
3.04496578690127,2.248
3.05962854349951,2.252
3.07429130009775,2.256
3.08895405669599,2.26
3.10361681329423,2.264
3.11827956989247,2.268
3.13294232649071,2.272
3.13294232649071,2.276
2.66862170087977,2.28
3.08406647116325,2.284
3.12805474095797,2.288
3.1524926686217,2.292
3.16226783968719,2.296
3.17693059628543,2.3
3.19159335288368,2.304
3.20136852394917,2.308
3.21114369501466,2.312
3.22091886608016,2.316
3.2355816226784,2.32
3.24535679374389,2.324
3.24535679374389,2.328
2.78592375366569,2.332
3.23069403714565,2.336
3.25513196480938,2.34
3.26979472140762,2.344
3.27468230694037,2.348
3.28445747800587,2.352
3.29423264907136,2.356
3.30400782013685,2.36
3.31378299120235,2.364
3.31867057673509,2.368
3.32844574780059,2.372
3.33333333333333,2.376
3.32844574780059,2.38
3.3088954056696,2.384
3.32844574780059,2.388
3.34310850439883,2.392
3.34799608993157,2.396
3.35777126099707,2.4
3.36265884652981,2.404
3.37243401759531,2.408
3.37243401759531,2.412
3.3822091886608,2.416
3.3822091886608,2.42
3.38709677419355,2.424
3.3919843597263,2.428
3.38709677419355,2.432
3.38709677419355,2.436
3.39687194525904,2.44
3.40175953079179,2.444
3.40175953079179,2.448
3.41153470185728,2.452
3.41153470185728,2.456
3.41642228739003,2.46
3.42130987292278,2.464
3.42130987292278,2.468
3.42130987292278,2.472
3.42130987292278,2.476
3.42619745845552,2.48
3.42619745845552,2.484
3.42619745845552,2.488
3.43108504398827,2.492
3.43108504398827,2.496
3.43108504398827,2.5
3.43597262952102,2.504
3.43108504398827,2.508
3.43597262952102,2.512
3.43597262952102,2.516
3.43108504398827,2.52
3.43108504398827,2.524
3.43108504398827,2.528
3.43108504398827,2.532
3.43108504398827,2.536
3.43108504398827,2.54
3.43108504398827,2.544
3.43108504398827,2.548
3.43108504398827,2.552
3.43108504398827,2.556
3.43108504398827,2.56
3.43108504398827,2.564
3.42619745845552,2.568
3.42619745845552,2.572
3.42619745845552,2.576
3.42130987292278,2.58
3.42619745845552,2.584
3.41153470185728,2.588
3.41153470185728,2.592
3.41153470185728,2.596
3.41153470185728,2.6
3.40664711632454,2.604
3.40664711632454,2.608
3.39687194525904,2.612
3.39687194525904,2.616
3.39687194525904,2.62
3.3919843597263,2.624
3.3919843597263,2.628
3.38709677419355,2.632
3.36754643206256,2.636
3.35777126099707,2.64
3.35777126099707,2.644
3.35288367546432,2.648
3.35288367546432,2.652
3.35288367546432,2.656
3.34310850439883,2.66
3.34310850439883,2.664
3.34310850439883,2.668
3.33333333333333,2.672
3.32844574780059,2.676
3.32844574780059,2.68
3.31867057673509,2.684
2.85923753665689,2.688
3.26490713587488,2.692
3.27956989247312,2.696
3.27468230694037,2.7
3.27468230694037,2.704
3.26979472140762,2.708
3.26490713587488,2.712
3.26001955034213,2.716
3.25024437927664,2.72
3.24535679374389,2.724
3.24046920821114,2.728
3.2355816226784,2.732
3.21603128054741,2.736
2.72727272727273,2.74
3.1524926686217,2.744
3.16715542521994,2.748
3.16715542521994,2.752
3.16226783968719,2.756
3.15738025415445,2.76
3.14760508308895,2.764
3.14271749755621,2.768
3.13782991202346,2.772
3.13294232649071,2.776
3.12805474095797,2.78
3.11827956989247,2.784
2.63929618768328,2.788
2.58553274682307,2.792
3.01564027370479,2.796
3.03030303030303,2.8
3.03030303030303,2.804
3.02541544477028,2.808
3.02052785923754,2.812
3.01564027370479,2.816
3.0058651026393,2.82
3.00097751710655,2.824
2.9960899315738,2.828
2.98631476050831,2.832
2.52688172043011,2.836
2.45845552297165,2.84
2.40957966764418,2.844
2.83479960899316,2.848
2.86412512218964,2.852
2.86412512218964,2.856
2.85923753665689,2.86
2.85434995112414,2.864
2.84457478005865,2.868
2.8396871945259,2.872
2.83479960899316,2.876
2.82991202346041,2.88
2.81524926686217,2.884
2.31182795698925,2.888
2.25806451612903,2.892
2.2238514173998,2.896
2.17986314760508,2.9
2.66373411534702,2.904
2.66862170087977,2.908
2.66862170087977,2.912
2.65884652981427,2.916
2.65884652981427,2.92
2.64907135874878,2.924
2.64418377321603,2.928
2.63929618768328,2.932
2.14565004887586,2.936
2.08699902248289,2.94
2.05278592375367,2.944
2.01368523949169,2.948
1.97458455522972,2.952
2.44379276637341,2.956
2.45356793743891,2.96
2.45845552297165,2.964
2.44868035190616,2.968
2.44379276637341,2.972
2.43890518084066,2.976
2.43401759530792,2.98
1.96480938416422,2.984
1.89638318670577,2.988
1.85239491691105,2.992
1.81329423264907,2.996
1.78885630498534,3
1.74975562072336,3.004
2.18963831867058,3.008
2.20430107526882,3.012
2.20918866080156,3.016
2.19941348973607,3.02
2.19452590420332,3.024
2.18475073313783,3.028
2.18475073313783,3.032
1.65689149560117,3.036
1.60312805474096,3.04
1.56402737047898,3.044
1.52003910068426,3.048
1.47605083088954,3.052
1.43206256109482,3.056
1.82306940371456,3.06
1.83284457478006,3.064
1.82306940371456,3.068
1.80351906158358,3.072
1.7741935483871,3.076
1.76930596285435,3.08
1.26588465298143,3.084
1.20723362658847,3.088
1.15347018572825,3.092
1.10948191593353,3.096
1.06549364613881,3.1
1.02639296187683,3.104
0.982404692082111,3.108
0.93841642228739,3.112
1.32942326490714,3.116
1.31964809384164,3.12
1.30987292277615,3.124
1.29521016617791,3.128
0.889540566959922,3.132
0.83088954056696,3.136
0.796676441837732,3.14
0.762463343108504,3.144
0.728250244379277,3.148
0.703812316715543,3.152
0.674486803519062,3.156
0.650048875855327,3.16
0.625610948191593,3.164
0.957966764418377,3.168
0.962854349951124,3.172
0.957966764418377,3.176
0.620723362658847,3.18
0.581622678396872,3.184
0.552297165200391,3.188
0.52297165200391,3.192
0.503421309872923,3.196
0.483870967741935,3.2
0.874877810361681,3.204
0.483870967741935,3.208
0.43010752688172,3.212
0.439882697947214,3.216
0.342130987292278,3.22
0.405669599217986,3.224
0.713587487781036,3.228
0.425219941348974,3.232
0.356793743890518,3.236
0.366568914956012,3.24
0.332355816226784,3.244
0.337243401759531,3.248
0.596285434995112,3.252
0.6158357771261,3.256
0.332355816226784,3.26
0.278592375366569,3.264
0.288367546432063,3.268
0.259042033235582,3.272
0.259042033235582,3.276
0.50830889540567,3.28
0.527859237536657,3.284
0.254154447702835,3.288
0.21505376344086,3.292
0.219941348973607,3.296
0.195503421309873,3.3
0.20039100684262,3.304
0.117302052785924,3.308
0.180840664711632,3.312
0.20039100684262,3.316
0.161290322580645,3.32
0.166177908113392,3.324
0.146627565982405,3.328
0.146627565982405,3.332
0.127077223851417,3.336
0.131964809384164,3.34
0.151515151515152,3.344
0.117302052785924,3.348
0.122189638318671,3.352
0.102639296187683,3.356
0.102639296187683,3.36
0.0928641251221896,3.364
0.0928641251221896,3.368
0.10752688172043,3.372
0.083088954056696,3.376
0.083088954056696,3.38
0.0684261974584555,3.384
0.0684261974584555,3.388
0.0635386119257087,3.392
0.0586510263929619,3.396
0.0733137829912024,3.4
0.0537634408602151,3.404
0.0537634408602151,3.408
0.0439882697947214,3.412
0.0439882697947214,3.416
0.0391006842619746,3.42
0.0342130987292278,3.424
0,3.428
0.0342130987292278,3.432
0.0293255131964809,3.436
0.0244379276637341,3.44
0.0244379276637341,3.444
0.0195503421309873,3.448
0.0146627565982405,3.452
0.00977517106549365,3.456
0.00977517106549365,3.46
0.00977517106549365,3.464
0.00977517106549365,3.468
0.00488758553274682,3.472
0.00488758553274682,3.476
0.00488758553274682,3.48
0,3.484
0,3.488
0,3.492
0,3.496
0,3.5
0,3.504
0,3.508
0,3.512
0,3.516
0,3.52
0,3.524
0,3.528
0,3.532
0,3.536
0,3.54
0,3.544
0,3.548
0,3.552
0,3.556
0,3.56
0,3.564
0,3.568
0,3.572
0,3.576
0,3.58
0,3.584
0.00488758553274682,3.588
0.00488758553274682,3.592
0.00488758553274682,3.596
0.00977517106549365,3.6
0.00977517106549365,3.604
0.0146627565982405,3.608
0.0146627565982405,3.612
0.0195503421309873,3.616
0.0195503421309873,3.62
0.0244379276637341,3.624
0.0244379276637341,3.628
0,3.632
0.0488758553274682,3.636
0.0391006842619746,3.64
0.0391006842619746,3.644
0.0439882697947214,3.648
0.0439882697947214,3.652
0.0488758553274682,3.656
0.0537634408602151,3.66
0,3.664
0.376344086021505,3.668
0.0635386119257087,3.672
0.0782013685239492,3.676
0.0733137829912024,3.68
0.083088954056696,3.684
0.083088954056696,3.688
0.0879765395894428,3.692
0.366568914956012,3.696
0.0977517106549365,3.7
0.117302052785924,3.704
0.10752688172043,3.708
0.122189638318671,3.712
0.117302052785924,3.716
0.131964809384164,3.72
0.391006842619746,3.724
0.136852394916911,3.728
0.161290322580645,3.732
0.151515151515152,3.736
0.166177908113392,3.74
0.156402737047898,3.744
0.175953079178886,3.748
0.439882697947214,3.752
0.185728250244379,3.756
0.224828934506354,3.76
0.20039100684262,3.764
0.224828934506354,3.768
0.210166177908113,3.772
0.234604105571848,3.776
0.498533724340176,3.78
0.542521994134897,3.784
0.298142717497556,3.788
0.259042033235582,3.792
0.288367546432063,3.796
0.273704789833822,3.8
0.298142717497556,3.804
0.586510263929619,3.808
0.625610948191593,3.812
0.386119257086999,3.816
0.332355816226784,3.82
0.366568914956012,3.824
0.342130987292278,3.828
0.376344086021505,3.832
0.684261974584555,3.836
0.72336265884653,3.84
0.796676441837732,3.844
0.454545454545455,3.848
0.420332355816227,3.852
0.459433040078201,3.856
0.747800586510264,3.86
0.801564027370479,3.864
0.840664711632454,3.868
0.913978494623656,3.872
0.562072336265885,3.876
0.557184750733138,3.88
0.566959921798632,3.884
0.576735092864125,3.888
0.586510263929619,3.892
0.596285434995112,3.896
0.606060606060606,3.9
0.6158357771261,3.904
0.625610948191593,3.908
1.02150537634409,3.912
1.06549364613881,3.916
1.10948191593353,3.92
1.1485826001955,3.924
0.811339198435973,3.928
0.806451612903226,3.932
0.81622678396872,3.936
0.83088954056696,3.94
0.8455522971652,3.944
0.860215053763441,3.948
0.874877810361681,3.952
0.889540566959922,3.956
1.3147605083089,3.96
1.3782991202346,3.964
1.42717497556207,3.968
1.47605083088954,3.972
1.52981427174976,3.976
1.158357771261,3.98
1.158357771261,3.984
1.16813294232649,3.988
1.18768328445748,3.992
1.21212121212121,3.996
1.2316715542522,4
1.25610948191593,4.004
1.72531769305963,4.008
1.79863147605083,4.012
1.86705767350929,4.016
1.930596285435,4.02
1.9941348973607,4.024
2.05278592375367,4.028
2.11632453567937,4.032
1.65689149560117,4.036
1.66666666666667,4.04
1.68621700879765,4.044
1.70576735092864,4.048
1.72043010752688,4.052
2.18963831867058,4.056
2.25806451612903,4.06
2.3069403714565,4.064
2.34604105571848,4.068
2.3802541544477,4.072
2.41446725317693,4.076
2.44379276637341,4.08
2.47311827956989,4.084
2.00879765395894,4.088
1.98924731182796,4.092
1.98924731182796,4.096
1.98435972629521,4.1
1.97458455522972,4.104
2.48778103616813,4.108
2.5366568914956,4.112
2.56598240469208,4.116
2.59530791788856,4.12
2.6197458455523,4.124
2.64418377321603,4.128
2.66862170087977,4.132
2.6930596285435,4.136
2.2336265884653,4.14
2.21407624633431,4.144
2.19941348973607,4.148
2.19452590420332,4.152
2.67839687194526,4.156
2.72238514173998,4.16
2.75171065493646,4.164
2.7761485826002,4.168
2.79569892473118,4.172
2.82013685239492,4.176
2.8396871945259,4.18
2.86412512218964,4.184
2.87878787878788,4.188
2.43890518084066,4.192
2.40469208211144,4.196
2.3900293255132,4.2
2.84457478005865,4.204
2.89345063538612,4.208
2.9227761485826,4.212
2.94721407624633,4.216
2.96187683284457,4.22
2.98142717497556,4.224
3.00097751710655,4.228
3.01564027370479,4.232
3.03030303030303,4.236
3.04496578690127,4.24
2.61485826001955,4.244
2.57575757575758,4.248
2.55131964809384,4.252
3.04007820136852,4.256
3.05962854349951,4.26
3.08406647116325,4.264
3.09872922776149,4.268
3.11827956989247,4.272
3.12805474095797,4.276
3.14271749755621,4.28
3.15738025415445,4.284
3.16715542521994,4.288
3.17693059628543,4.292
3.17693059628543,4.296
2.70283479960899,4.3
3.1524926686217,4.304
3.17693059628543,4.308
3.19648093841642,4.312
3.21114369501466,4.316
3.22091886608016,4.32
3.23069403714565,4.324
3.24535679374389,4.328
3.25513196480938,4.332
3.26490713587488,4.336
3.27468230694037,4.34
3.28445747800587,4.344
3.27956989247312,4.348
2.82013685239492,4.352
3.27468230694037,4.356
3.29423264907136,4.36
3.30400782013685,4.364
3.3088954056696,4.368
3.31867057673509,4.372
3.32844574780059,4.376
3.33333333333333,4.38
3.33822091886608,4.384
3.34799608993157,4.388
3.35288367546432,4.392
3.35777126099707,4.396
3.35288367546432,4.4
3.34799608993157,4.404
3.36265884652981,4.408
3.36754643206256,4.412
3.37732160312805,4.416
3.37732160312805,4.42
3.38709677419355,4.424
3.38709677419355,4.428
3.3919843597263,4.432
3.40175953079179,4.436
3.40175953079179,4.44
3.40175953079179,4.444
3.40664711632454,4.448
3.41153470185728,4.452
3.40664711632454,4.456
3.41153470185728,4.46
3.41642228739003,4.464
3.42130987292278,4.468
3.42130987292278,4.472
3.42130987292278,4.476
3.42130987292278,4.48
3.43108504398827,4.484
3.43108504398827,4.488
3.43108504398827,4.492
3.43108504398827,4.496
3.43597262952102,4.5
3.42619745845552,4.504
3.43108504398827,4.508
3.43108504398827,4.512
3.43108504398827,4.516
3.43108504398827,4.52
3.43108504398827,4.524
3.43108504398827,4.528
3.43108504398827,4.532
3.43108504398827,4.536
3.43597262952102,4.54
3.43108504398827,4.544
3.43108504398827,4.548
3.43597262952102,4.552
3.42619745845552,4.556
3.43108504398827,4.56
3.42619745845552,4.564
3.42619745845552,4.568
3.42130987292278,4.572
3.42130987292278,4.576
3.42130987292278,4.58
3.42130987292278,4.584
3.41642228739003,4.588
3.42130987292278,4.592
3.41153470185728,4.596
3.41642228739003,4.6
3.39687194525904,4.604
3.39687194525904,4.608
3.3919843597263,4.612
3.39687194525904,4.616
3.3919843597263,4.62
3.38709677419355,4.624
3.3822091886608,4.628
3.3822091886608,4.632
3.37732160312805,4.636
3.37243401759531,4.64
3.37243401759531,4.644
3.36754643206256,4.648
3.36265884652981,4.652
2.91788856304985,4.656
3.32355816226784,4.66
3.33333333333333,4.664
3.32844574780059,4.668
3.32844574780059,4.672
3.31867057673509,4.676
3.31867057673509,4.68
3.31378299120235,4.684
3.3088954056696,4.688
3.30400782013685,4.692
3.29912023460411,4.696
3.29423264907136,4.7
3.28445747800587,4.704
2.81036168132942,4.708
3.23069403714565,4.712
3.24046920821114,4.716
3.2355816226784,4.72
3.2355816226784,4.724
3.2258064516129,4.728
3.22091886608016,4.732
3.21603128054741,4.736
3.20625610948192,4.74
3.20625610948192,4.744
3.20136852394917,4.748
3.19648093841642,4.752
2.72727272727273,4.756
2.66862170087977,4.76
3.10850439882698,4.764
3.11827956989247,4.768
3.11827956989247,4.772
3.11339198435973,4.776
3.11339198435973,4.78
3.10361681329423,4.784
3.09872922776149,4.788
3.08895405669599,4.792
3.08406647116325,4.796
3.0791788856305,4.8
3.05962854349951,4.804
2.56109481915934,4.808
2.52199413489736,4.812
2.95698924731183,4.816
2.97165200391007,4.82
2.96676441837732,4.824
2.96676441837732,4.828
2.95698924731183,4.832
2.95698924731183,4.836
2.95210166177908,4.84
2.93743890518084,4.844
2.93255131964809,4.848
2.92766373411535,4.852
2.43401759530792,4.856
2.3802541544477,4.86
2.33626588465298,4.864
2.77126099706745,4.868
2.79569892473118,4.872
2.79081133919844,4.876
2.79081133919844,4.88
2.78592375366569,4.884
2.78103616813294,4.888
2.77126099706745,4.892
2.7663734115347,4.896
2.75659824046921,4.9
2.28739002932551,4.904
2.21896383186706,4.908
2.17986314760508,4.912
2.13587487781036,4.916
2.10166177908113,4.92
2.58553274682307,4.924
2.59042033235582,4.928
2.59042033235582,4.932
2.58553274682307,4.936
2.58064516129032,4.94
2.57575757575758,4.944
2.56598240469208,4.948
2.56109481915934,4.952
2.04789833822092,4.956
1.9941348973607,4.96
1.95992179863148,4.964
1.92570869990225,4.968
1.88172043010753,4.972
2.35581622678397,4.976
2.36559139784946,4.98
2.37047898338221,4.984
2.36070381231672,4.988
2.35581622678397,4.992
2.35092864125122,4.996
2.34115347018573,5
1.8475073313783,5.004
1.79374389051808,5.008
1.75464320625611,5.012
1.71554252199413,5.016
1.68132942326491,5.02
1.64711632453568,5.024
2.08211143695015,5.028
2.09188660801564,5.032
2.08699902248289,5.036
2.0772238514174,5.04
2.06744868035191,5.044
2.05278592375367,5.048
1.56891495601173,5.052
1.50048875855327,5.056
1.44672531769306,5.06
1.39784946236559,5.064
1.34897360703812,5.068
1.3049853372434,5.072
1.25610948191593,5.076
1.63245356793744,5.08
1.63245356793744,5.084
1.62267839687195,5.088
1.59824046920821,5.092
1.57869012707722,5.096
1.1485826001955,5.1
1.08015640273705,5.104
1.03128054740958,5.108
0.987292277614858,5.112
0.943304007820137,5.116
0.909090909090909,5.12
0.869990224828935,5.124
0.835777126099707,5.128
0.762463343108504,5.132
1.16813294232649,5.136
1.16324535679374,5.14
1.158357771261,5.144
1.18279569892473,5.148
0.747800586510264,5.152
0.708699902248289,5.156
0.679374389051808,5.16
0.650048875855327,5.164
0.625610948191593,5.168
0.596285434995112,5.172
0.576735092864125,5.176
0.552297165200391,5.18
0.50830889540567,5.184
0.860215053763441,5.188
0.860215053763441,5.192
0.865102639296188,5.196
0.52297165200391,5.2
0.493646138807429,5.204
0.464320625610948,5.208
0.371456500488759,5.212
0.43010752688172,5.216
0.742913000977517,5.22
0.796676441837732,5.224
0.410557184750733,5.228
0.361681329423265,5.232
0.371456500488759,5.236
0.312805474095797,5.24
0.342130987292278,5.244
0.640273704789834,5.248
0.356793743890518,5.252
0.303030303030303,5.256
0.30791788856305,5.26
0.278592375366569,5.264
0.283479960899316,5.268
0.532746823069404,5.272
0.552297165200391,5.276
0.273704789833822,5.28
0.229716520039101,5.284
0.239491691104594,5.288
0.210166177908113,5.292
0.21505376344086,5.296
0.127077223851417,5.3
0.195503421309873,5.304
0.21505376344086,5.308
0.175953079178886,5.312
0.180840664711632,5.316
0.161290322580645,5.32
0.166177908113392,5.324
0.136852394916911,5.328
0.146627565982405,5.332
0.161290322580645,5.336
0.131964809384164,5.34
0.131964809384164,5.344
0.117302052785924,5.348
0.117302052785924,5.352
0.102639296187683,5.356
0.102639296187683,5.36
0.122189638318671,5.364
0.0928641251221896,5.368
0.0928641251221896,5.372
0.0782013685239492,5.376
0.0782013685239492,5.38
0.0684261974584555,5.384
0.0684261974584555,5.388
0.376344086021505,5.392
0.0586510263929619,5.396
0.0586510263929619,5.4
0.0537634408602151,5.404
0.0488758553274682,5.408
0.0391006842619746,5.412
0.0391006842619746,5.416
0.0146627565982405,5.42
0.0439882697947214,5.424
0.0391006842619746,5.428
0.0293255131964809,5.432
0.0244379276637341,5.436
0.0244379276637341,5.44
0.0195503421309873,5.444
0.0195503421309873,5.448
0.0146627565982405,5.452
0.0146627565982405,5.456
0.00977517106549365,5.46
0.00977517106549365,5.464
0.00977517106549365,5.468
0.00488758553274682,5.472
0.00488758553274682,5.476
0.00488758553274682,5.48
0,5.484
0,5.488
0,5.492
0,5.496
0,5.5
0,5.504
0,5.508
0,5.512
0,5.516
0,5.52
0,5.524
0,5.528
0,5.532
0,5.536
0,5.54
0,5.544
0,5.548
0,5.552
0,5.556
0,5.56
0,5.564
0,5.568
0,5.572
0,5.576
0,5.58
0.00488758553274682,5.584
0.00488758553274682,5.588
0.00488758553274682,5.592
0.00488758553274682,5.596
0.00977517106549365,5.6
0.00977517106549365,5.604
0.0146627565982405,5.608
0.0146627565982405,5.612
0.0146627565982405,5.616
0.0195503421309873,5.62
0.00488758553274682,5.624
0.0391006842619746,5.628
0.0342130987292278,5.632
0.0391006842619746,5.636
0.0391006842619746,5.64
0.0391006842619746,5.644
0.0439882697947214,5.648
0.0488758553274682,5.652
0,5.656
0.366568914956012,5.66
0.0586510263929619,5.664
0.0684261974584555,5.668
0.0635386119257087,5.672
0.0733137829912024,5.676
0.0733137829912024,5.68
0.083088954056696,5.684
0.347018572825024,5.688
0.0879765395894428,5.692
0.102639296187683,5.696
0.0977517106549365,5.7
0.112414467253177,5.704
0.10752688172043,5.708
0.122189638318671,5.712
0.381231671554252,5.716
0.127077223851417,5.72
0.151515151515152,5.724
0.136852394916911,5.728
0.156402737047898,5.732
0.146627565982405,5.736
0.161290322580645,5.74
0.420332355816227,5.744
0.171065493646139,5.748
0.205278592375367,5.752
0.185728250244379,5.756
0.205278592375367,5.76
0.195503421309873,5.764
0.21505376344086,5.768
0.478983382209189,5.772
0.229716520039101,5.776
0.278592375366569,5.78
0.239491691104594,5.784
0.268817204301075,5.788
0.254154447702835,5.792
0.278592375366569,5.796
0.547409579667644,5.8
0.596285434995112,5.804
0.679374389051808,5.808
0.347018572825024,5.812
0.317693059628543,5.816
0.347018572825024,5.82
0.332355816226784,5.824
0.361681329423265,5.828
0.684261974584555,5.832
0.73802541544477,5.836
0.434995112414467,5.84
0.395894428152493,5.844
0.43010752688172,5.848
0.356793743890518,5.852
0.449657869012708,5.856
0.791788856304985,5.86
0.83088954056696,5.864
0.537634408602151,5.868
0.532746823069404,5.872
0.537634408602151,5.876
0.542521994134897,5.88
0.557184750733138,5.884
0.566959921798632,5.888
0.576735092864125,5.892
0.581622678396872,5.896
0.596285434995112,5.9
0.957966764418377,5.904
1.01173020527859,5.908
1.05571847507331,5.912
1.09481915933529,5.916
0.777126099706745,5.92
0.772238514173998,5.924
0.777126099706745,5.928
0.786901270772238,5.932
0.801564027370479,5.936
0.81622678396872,5.94
0.83088954056696,5.944
0.8455522971652,5.948
0.811339198435973,5.952
1.3049853372434,5.956
1.35874877810362,5.96
1.40762463343109,5.964
1.45161290322581,5.968
1.52492668621701,5.972
1.10948191593353,5.976
1.11436950146628,5.98
1.12903225806452,5.984
1.1485826001955,5.988
1.16813294232649,5.992
1.19257086999022,5.996
1.18279569892473,6
